CallID,CallStarts,CallEnds,CustomerAcc,CustomerAge,CustomerPhone,OperatorID,LocationID,Sector,CallSatisfaction
1005,2022-03-02 03:40:35,2022-03-02 03:41:04,ACC0106,51,+34 27-150-315,P0018,LOC009,Other,0.7147
1006,2022-03-02 04:24:10,2022-03-02 04:29:33,ACC045,60,+100 54-89-254,P0006,LOC008,Retail,0.2352
1007,2022-03-02 12:01:05,2022-03-02 12:15:31,ACC040,55,+34 49-84-249,P0011,LOC003,Government,0.3893
1008,2022-03-02 14:36:06,2022-03-02 14:38:25,ACC0556,81,+36 37-600-765,P0010,LOC002,Retail,0.9924
1009,2022-03-03 12:41:27,2022-03-03 13:06:22,ACC079,24,+100 88-123-288,P0014,LOC009,Other,0.8765
1010,2022-03-03 22:18:27,2022-03-03 22:20:29,ACC0472,67,+56 41-516-681,P0005,LOC007,Retail,0.2745
1011,2022-03-04 01:35:19,2022-03-04 01:43:10,ACC0413,78,+36 70-457-622,P0003,LOC003,Services,0.5115
1012,2022-03-04 08:41:57,2022-03-04 08:47:15,ACC0226,31,+36 59-270-435,P0014,LOC007,Other,0.6457
1013,2022-03-05 10:46:25,2022-03-05 10:52:45,ACC0578,33,+36 59-622-787,P0017,LOC001,Healthcare,0.0436
1014,2022-03-05 12:50:12,2022-03-05 13:04:44,ACC0153,28,+56 74-197-362,P0009,LOC003,Cross-Industry,0.5453
1015,2022-03-05 20:09:35,2022-03-05 20:26:42,ACC0316,51,+26 61-360-525,P0009,LOC001,Other,0.4717
1016,2022-03-06 00:35:52,2022-03-06 00:40:18,ACC06,21,+36 15-50-215,P0018,LOC009,Cross-Industry,0.6093
1017,2022-03-06 02:24:00,2022-03-06 02:43:41,ACC0568,23,+34 49-612-777,P0018,LOC002,Other,0.7069
1018,2022-03-06 19:59:42,2022-03-06 20:05:49,ACC0413,78,+36 70-457-622,P0018,LOC004,Services,0.5912
1019,2022-03-07 23:26:54,2022-03-07 23:45:40,ACC0397,62,+100 54-441-606,P0004,LOC008,Government,0.8333
1020,2022-03-08 06:50:55,2022-03-08 06:56:54,ACC0579,34,+34 60-623-788,P0014,LOC007,Government,0.6081
1021,2022-03-08 08:10:01,2022-03-08 08:14:35,ACC0231,36,+100 64-275-440,P0016,LOC008,Services,0.6191
1022,2022-03-08 16:01:06,2022-03-08 16:21:40,ACC0530,55,+100 11-574-739,P0006,LOC006,Government,0.1297
1023,2022-03-08 22:09:15,2022-03-08 22:16:50,ACC0502,27,+34 71-546-711,P0014,LOC007,Government,0.3932
1024,2022-03-09 10:04:38,2022-03-09 10:18:05,ACC0568,23,+34 49-612-777,P0008,LOC003,Other,0.5629
1025,2022-03-09 12:57:54,2022-03-09 13:15:14,ACC0284,19,+43 29-328-493,P0018,LOC004,Healthcare,0.4627
1026,2022-03-09 17:44:58,2022-03-09 18:06:48,ACC032,47,+56 41-76-241,P0007,LOC002,Healthcare,0.6530
1027,2022-03-10 06:30:07,2022-03-10 06:33:42,ACC0581,36,+43 62-625-790,P0003,LOC006,Services,0.3282
1028,2022-03-11 07:03:49,2022-03-11 07:07:03,ACC0342,77,+100 87-386-551,P0006,LOC009,Cross-Industry,0.5501
1029,2022-03-12 10:43:25,2022-03-12 11:09:33,ACC0466,61,+46 35-510-675,P0007,LOC007,Healthcare,0.0257
1030,2022-03-12 23:18:21,2022-03-12 23:41:24,ACC041,56,+26 50-85-250,P0002,LOC005,Cross-Industry,0.9683
1031,2022-03-13 02:40:44,2022-03-13 02:58:55,ACC0299,34,+100 44-343-508,P0010,LOC002,Government,0.5529
1032,2022-03-13 05:04:57,2022-03-13 05:15:01,ACC0460,55,+43 29-504-669,P0019,LOC001,Government,0.3905
1033,2022-03-13 12:36:12,2022-03-13 12:48:55,ACC0354,19,+100 11-398-563,P0002,LOC005,Healthcare,0.5796
1034,2022-03-13 17:50:54,2022-03-13 18:10:43,ACC0271,76,+34 16-315-480,P0003,LOC005,Government,0.0873
1035,2022-03-13 23:47:06,2022-03-14 00:09:27,ACC0161,36,+34 82-205-370,P0003,LOC003,Services,0.3489
1036,2022-03-14 15:24:22,2022-03-14 15:31:02,ACC0315,50,+34 60-359-524,P0013,LOC006,Services,0.9237
1037,2022-03-14 20:36:57,2022-03-14 20:47:36,ACC0534,59,+36 15-578-743,P0009,LOC004,Other,0.3255
1038,2022-03-15 06:32:01,2022-03-15 06:45:17,ACC0427,22,+43 84-471-636,P0016,LOC008,Services,0.2628
1039,2022-03-15 16:38:00,2022-03-15 17:01:42,ACC083,28,+36 92-127-292,P0009,LOC020,Cross-Industry,0.2057
1040,2022-03-15 23:28:53,2022-03-15 23:44:09,ACC091,36,+44 12-135-300,P0013,LOC008,Services,0.1669
1041,2022-03-16 20:28:03,2022-03-16 20:35:14,ACC0222,27,+100 55-266-431,P0017,LOC002,Government,0.8392
1042,2022-03-17 05:30:16,2022-03-17 05:47:17,ACC0561,16,+100 42-605-770,P0011,LOC006,Other,0.6142
1043,2022-03-17 09:05:27,2022-03-17 09:06:49,ACC0132,77,+100 53-176-341,P0017,LOC001,Cross-Industry,0.2332
1044,2022-03-17 18:02:10,2022-03-17 18:11:32,ACC0400,65,+46 57-444-609,P0008,LOC003,Other,0.1486
1045,2022-03-17 21:37:35,2022-03-17 21:58:10,ACC0589,44,+36 70-633-798,P0010,LOC005,Other,0.8469
1046,2022-03-18 00:26:57,2022-03-18 00:40:47,ACC0487,82,+44 56-531-696,P0008,LOC001,Healthcare,0.8846
1047,2022-03-18 11:33:58,2022-03-18 11:38:36,ACC0221,26,+100 54-265-430,P0010,LOC004,Healthcare,0.9227
1048,2022-03-18 19:20:10,2022-03-18 19:38:36,ACC0231,36,+100 64-275-440,P0011,LOC006,Services,0.6845
1049,2022-03-19 17:41:57,2022-03-19 17:43:39,ACC095,40,+34 16-139-304,P0004,LOC004,Healthcare,0.0298
1050,2022-03-20 13:13:18,2022-03-20 13:27:20,ACC0532,57,+46 13-576-741,P0011,LOC004,Services,0.7395
1051,2022-03-20 13:44:25,2022-03-20 14:08:08,ACC0247,52,+200 80-291-456,P0002,LOC020,Other,0.5818
1052,2022-03-21 08:19:14,2022-03-21 08:35:56,ACC0493,18,+43 62-537-702,P0005,LOC005,Retail,0.0044
1053,2022-03-22 01:18:57,2022-03-22 01:21:32,ACC0397,62,+100 54-441-606,P0016,LOC009,Government,0.7010
1054,2022-03-22 14:24:32,2022-03-22 14:25:04,ACC0253,58,+100 86-297-462,P0016,LOC008,Other,0.0196
1055,2022-03-22 15:30:45,2022-03-22 15:50:40,ACC0432,27,+44 89-476-641,P0002,LOC004,Government,0.4804
1056,2022-03-22 17:30:58,2022-03-22 17:31:52,ACC0277,82,+100 22-321-486,P0008,LOC001,Healthcare,0.6570
1057,2022-03-22 20:09:26,2022-03-22 20:12:55,ACC0250,55,+26 83-294-459,P0010,LOC005,Government,0.8465
1058,2022-03-23 08:20:16,2022-03-23 08:20:39,ACC0280,85,+200 25-324-489,P0005,LOC009,Services,0.4111
1059,2022-03-23 12:28:15,2022-03-23 12:32:51,ACC0156,31,+100 77-200-365,P0007,LOC001,Other,0.6898
1060,2022-03-23 17:14:04,2022-03-23 17:14:21,ACC0461,56,+56 30-505-670,P0006,LOC008,Cross-Industry,0.4879
1061,2022-03-23 22:40:52,2022-03-23 22:46:25,ACC0501,26,+36 70-545-710,P0011,LOC005,Healthcare,0.5793
1062,2022-03-24 00:06:33,2022-03-24 00:13:19,ACC0354,19,+100 11-398-563,P0011,LOC005,Healthcare,0.2702
1063,2022-03-24 06:50:02,2022-03-24 07:02:50,ACC0540,65,+100 21-584-749,P0005,LOC009,Other,0.7606
1064,2022-03-24 16:13:40,2022-03-24 16:14:34,ACC0520,45,+44 89-564-729,P0003,LOC006,Other,0.5672
1065,2022-03-24 19:07:18,2022-03-24 19:10:25,ACC0225,30,+200 58-269-434,P0010,LOC002,Other,0.5592
1066,2022-03-25 05:30:47,2022-03-25 05:52:08,ACC048,63,+46 57-92-257,P0008,LOC001,Cross-Industry,0.6162
1067,2022-03-25 18:56:38,2022-03-25 19:22:01,ACC0320,55,+100 65-364-529,P0012,LOC004,Government,0.9106
1068,2022-03-25 22:28:26,2022-03-25 22:45:48,ACC0123,68,+100 44-167-332,P0002,LOC002,Healthcare,0.7656
1069,2022-03-25 23:57:00,2022-03-26 00:11:14,ACC0116,61,+36 37-160-325,P0017,LOC008,Healthcare,0.0706
1070,2022-03-26 00:28:53,2022-03-26 00:31:39,ACC0364,29,+100 21-408-573,P0003,LOC003,Services,0.1335
1071,2022-03-26 01:15:44,2022-03-26 01:33:06,ACC070,85,+46 79-114-279,P0014,LOC006,Services,0.8082
1072,2022-03-26 03:49:02,2022-03-26 03:52:58,ACC0557,82,+34 38-601-766,P0001,LOC005,Healthcare,0.8727
1073,2022-03-26 22:39:25,2022-03-26 22:45:35,ACC0307,42,+56 52-351-516,P0004,LOC004,Cross-Industry,0.9886
1074,2022-03-26 22:58:57,2022-03-26 23:10:23,ACC0461,56,+56 30-505-670,P0012,LOC004,Cross-Industry,0.3946
1075,2022-03-26 23:17:58,2022-03-26 23:43:21,ACC0290,25,+46 35-334-499,P0014,LOC008,Retail,0.0521
1076,2022-03-27 07:19:02,2022-03-27 07:21:52,ACC057,72,+100 66-101-266,P0010,LOC004,Other,0.8554
1077,2022-03-27 20:45:31,2022-03-27 21:04:05,ACC0511,36,+200 80-555-720,P0010,LOC004,Services,0.3436
1078,2022-03-28 12:21:57,2022-03-28 12:27:33,ACC0379,44,+200 36-423-588,P0003,LOC007,Other,0.0447
1079,2022-03-28 12:33:51,2022-03-28 12:49:18,ACC0323,58,+46 68-367-532,P0006,LOC009,Other,0.9716
1080,2022-03-28 16:05:32,2022-03-28 16:28:36,ACC020,35,+43 29-64-229,P0013,LOC004,Cross-Industry,0.7307
1081,2022-03-28 16:47:21,2022-03-28 16:52:22,ACC0552,77,+100 33-596-761,P0010,LOC004,Cross-Industry,0.7945
1082,2022-03-29 02:22:45,2022-03-29 02:45:09,ACC099,44,+100 20-143-308,P0012,LOC007,Other,0.6263
1083,2022-03-29 09:51:00,2022-03-29 10:05:46,ACC0127,72,+36 48-171-336,P0012,LOC007,Other,0.1362
1084,2022-03-29 19:27:58,2022-03-29 19:43:48,ACC0371,36,+26 28-415-580,P0015,LOC001,Services,0.3363
1085,2022-03-30 08:11:45,2022-03-30 08:26:32,ACC0210,85,+100 43-254-419,P0010,LOC004,Services,0.9551
1086,2022-03-30 20:21:13,2022-03-30 20:37:54,ACC0522,47,+200 91-566-731,P0004,LOC008,Healthcare,0.7856
1087,2022-03-31 00:49:06,2022-03-31 01:06:09,ACC0255,60,+100 88-299-464,P0012,LOC003,Retail,0.1198
1088,2022-03-31 03:03:47,2022-03-31 03:21:16,ACC096,41,+26 17-140-305,P0014,LOC006,Government,0.1436
1089,2022-03-31 23:47:38,2022-03-31 23:54:02,ACC0560,85,+56 41-604-769,P0012,LOC006,Services,0.2677
1090,2022-04-01 07:53:05,2022-04-01 08:07:32,ACC066,81,+100 75-110-275,P0008,LOC001,Retail,0.0449
1091,2022-04-01 08:55:41,2022-04-01 09:00:18,ACC0100,45,+100 21-144-309,P0010,LOC004,Other,0.6605
1092,2022-04-01 09:09:02,2022-04-01 09:31:32,ACC0515,40,+43 84-559-724,P0002,LOC004,Healthcare,0.2225
1093,2022-04-02 09:52:49,2022-04-02 09:54:25,ACC0411,76,+46 68-455-620,P0006,LOC008,Government,0.9533
1094,2022-04-02 14:15:19,2022-04-02 14:28:29,ACC038,53,+200 47-82-247,P0011,LOC002,Retail,0.8361
1095,2022-04-02 22:14:28,2022-04-02 22:39:50,ACC010,25,+56 19-54-219,P0017,LOC008,Retail,0.1775
1096,2022-04-04 11:52:28,2022-04-04 12:09:30,ACC0499,24,+46 68-543-708,P0011,LOC004,Other,0.2113
1097,2022-04-04 13:34:12,2022-04-04 13:48:40,ACC0178,53,+100 11-222-387,P0004,LOC005,Retail,0.9957
1098,2022-04-04 18:18:13,2022-04-04 18:22:53,ACC0204,79,+36 37-248-413,P0007,LOC002,Other,0.1161
1099,2022-04-05 19:31:28,2022-04-05 19:41:18,ACC0341,76,+100 86-385-550,P0018,LOC003,Government,0.9520
1100,2022-04-06 05:24:21,2022-04-06 05:45:45,ACC0404,69,+26 61-448-613,P0010,LOC004,Government,0.9868
1101,2022-04-06 05:54:00,2022-04-06 06:16:42,ACC0509,34,+44 78-553-718,P0018,LOC001,Government,0.1171
1102,2022-04-06 16:58:51,2022-04-06 17:22:50,ACC0407,72,+100 64-451-616,P0005,LOC001,Other,0.6869
1103,2022-04-07 02:36:33,2022-04-07 02:44:31,ACC0129,74,+26 50-173-338,P0017,LOC001,Retail,0.3795
1104,2022-04-07 20:55:07,2022-04-07 21:19:42,ACC0148,23,+200 69-192-357,P0011,LOC006,Other,0.0619
1105,2022-04-08 14:23:34,2022-04-08 14:48:53,ACC0337,72,+34 82-381-546,P0013,LOC007,Other,0.9437
1106,2022-04-08 20:51:31,2022-04-08 20:56:13,ACC0461,56,+56 30-505-670,P0008,LOC009,Cross-Industry,0.7864
1107,2022-04-08 21:48:15,2022-04-08 22:13:39,ACC0409,74,+100 66-453-618,P0012,LOC005,Retail,0.9072
1108,2022-04-08 22:34:18,2022-04-08 22:47:03,ACC0509,34,+44 78-553-718,P0002,LOC004,Government,0.1823
1109,2022-04-09 04:47:10,2022-04-09 05:06:21,ACC0131,76,+56 52-175-340,P0013,LOC007,Government,0.7897
1110,2022-04-09 22:06:24,2022-04-09 22:22:05,ACC0347,82,+36 92-391-556,P0014,LOC009,Healthcare,0.3496
1111,2022-04-10 02:00:24,2022-04-10 02:23:08,ACC0549,74,+56 30-593-758,P0007,LOC002,Retail,0.7429
1112,2022-04-10 08:35:42,2022-04-10 08:59:44,ACC0215,20,+36 48-259-424,P0008,LOC008,Government,0.1711
1113,2022-04-10 15:40:07,2022-04-10 16:00:40,ACC077,22,+100 86-121-286,P0005,LOC009,Services,0.0124
1114,2022-04-11 07:13:52,2022-04-11 07:24:28,ACC0418,83,+100 75-462-627,P0006,LOC009,Government,0.8378
1115,2022-04-11 13:44:42,2022-04-11 14:10:22,ACC0156,31,+100 77-200-365,P0017,LOC009,Other,0.1525
1116,2022-04-11 23:58:25,2022-04-12 00:08:49,ACC0444,39,+46 13-488-653,P0019,LOC003,Retail,0.9638
1117,2022-04-12 01:23:55,2022-04-12 01:37:09,ACC0294,29,+26 39-338-503,P0002,LOC006,Services,0.3848
1118,2022-04-12 04:51:07,2022-04-12 05:01:37,ACC0299,34,+100 44-343-508,P0014,LOC006,Government,0.0910
1119,2022-04-12 21:51:55,2022-04-12 21:58:56,ACC0102,47,+44 23-146-311,P0004,LOC009,Healthcare,0.4437
1120,2022-04-13 04:56:47,2022-04-13 05:16:11,ACC0115,60,+200 36-159-324,P0012,LOC006,Retail,0.2961
1121,2022-04-13 15:10:16,2022-04-13 15:17:34,ACC0306,41,+43 51-350-515,P0019,LOC003,Government,0.5386
1122,2022-04-13 17:33:15,2022-04-13 17:34:44,ACC0503,28,+26 72-547-712,P0018,LOC004,Cross-Industry,0.8547
1123,2022-04-14 04:19:08,2022-04-14 04:39:32,ACC0566,21,+200 47-610-775,P0001,LOC004,Cross-Industry,0.3602
1124,2022-04-14 08:12:10,2022-04-14 08:30:04,ACC0346,81,+200 91-390-555,P0007,LOC002,Retail,0.4207
1125,2022-04-14 13:01:59,2022-04-14 13:16:37,ACC0423,18,+200 80-467-632,P0005,LOC007,Retail,0.2351
1126,2022-04-14 17:36:09,2022-04-14 17:39:33,ACC0477,72,+46 46-521-686,P0001,LOC003,Other,0.6667
1127,2022-04-14 20:46:29,2022-04-14 21:08:02,ACC0328,63,+43 73-372-537,P0007,LOC001,Cross-Industry,0.0721
1128,2022-04-15 22:34:09,2022-04-15 22:35:40,ACC094,39,+36 15-138-303,P0007,LOC001,Retail,0.1590
1129,2022-04-18 02:25:01,2022-04-18 02:36:03,ACC0120,65,+56 41-164-329,P0012,LOC003,Other,0.8569
1130,2022-04-18 22:38:58,2022-04-18 22:50:00,ACC0352,17,+100 97-396-561,P0016,LOC009,Other,0.0381
1131,2022-04-18 23:08:06,2022-04-18 23:11:45,ACC0125,70,+46 46-169-334,P0017,LOC009,Cross-Industry,0.2788
1132,2022-04-19 09:13:39,2022-04-19 09:29:11,ACC0531,56,+44 12-575-740,P0004,LOC007,Cross-Industry,0.6136
1133,2022-04-19 15:53:38,2022-04-19 16:12:32,ACC0270,75,+36 15-314-479,P0015,LOC008,Healthcare,0.2098
1134,2022-04-20 12:58:39,2022-04-20 13:17:30,ACC0448,43,+26 17-492-657,P0006,LOC007,Services,0.1907
1135,2022-04-20 13:20:31,2022-04-20 13:27:34,ACC0171,46,+36 92-215-380,P0004,LOC004,Retail,0.5614
1136,2022-04-20 13:34:54,2022-04-20 13:56:43,ACC0369,34,+36 26-413-578,P0018,LOC009,Government,0.2106
1137,2022-04-20 18:37:03,2022-04-20 18:43:54,ACC0360,25,+26 17-404-569,P0008,LOC008,Retail,0.9158
1138,2022-04-21 02:10:25,2022-04-21 02:29:25,ACC092,37,+46 13-136-301,P0004,LOC005,Other,0.9818
1139,2022-04-21 08:02:33,2022-04-21 08:11:57,ACC0473,68,+100 42-517-682,P0018,LOC003,Healthcare,0.5413
1140,2022-04-21 09:30:16,2022-04-21 09:45:03,ACC0311,46,+44 56-355-520,P0018,LOC002,Retail,0.6167
1141,2022-04-21 20:34:03,2022-04-21 20:48:37,ACC0280,85,+200 25-324-489,P0019,LOC004,Services,0.7216
1142,2022-04-21 21:12:11,2022-04-21 21:22:11,ACC098,43,+56 19-142-307,P0002,LOC002,Services,0.6936
1143,2022-04-21 23:53:05,2022-04-21 23:54:26,ACC030,45,+26 39-74-239,P0013,LOC005,Other,0.6401
1144,2022-04-22 13:08:39,2022-04-22 13:12:55,ACC0141,16,+43 62-185-350,P0019,LOC003,Other,0.9956
1145,2022-04-22 21:03:52,2022-04-22 21:21:01,ACC0294,29,+26 39-338-503,P0017,LOC001,Services,0.3739
1146,2022-04-23 07:33:15,2022-04-23 07:47:51,ACC015,30,+46 24-59-224,P0005,LOC009,Other,0.9301
1147,2022-04-23 09:41:49,2022-04-23 10:02:29,ACC0294,29,+26 39-338-503,P0001,LOC005,Services,0.4400
1148,2022-04-23 10:34:12,2022-04-23 10:54:37,ACC0112,57,+100 33-156-321,P0013,LOC005,Services,0.3868
1149,2022-04-23 10:46:40,2022-04-23 11:04:14,ACC0350,85,+43 95-394-559,P0013,LOC006,Services,0.3111
1150,2022-04-24 04:01:25,2022-04-24 04:23:45,ACC0251,56,+43 84-295-460,P0002,LOC005,Cross-Industry,0.3366
1151,2022-04-24 10:19:24,2022-04-24 10:27:47,ACC0416,81,+43 73-460-625,P0002,LOC006,Retail,0.9543
1152,2022-04-24 18:05:38,2022-04-24 18:08:34,ACC03,18,+44 12-47-212,P0014,LOC008,Retail,0.7438
1153,2022-04-25 04:11:51,2022-04-25 04:37:16,ACC0107,52,+26 28-151-316,P0011,LOC005,Other,0.7203
1154,2022-04-25 13:18:43,2022-04-25 13:37:08,ACC0212,17,+44 45-256-421,P0003,LOC008,Other,0.4975
1155,2022-04-25 16:04:38,2022-04-25 16:16:57,ACC0176,51,+100 97-220-385,P0008,LOC002,Other,0.2303
1156,2022-04-25 23:35:34,2022-04-25 23:36:35,ACC0576,31,+46 57-620-785,P0008,LOC009,Other,0.9978
1157,2022-04-27 14:44:33,2022-04-27 14:46:25,ACC0563,18,+100 44-607-772,P0011,LOC002,Retail,0.7624
1158,2022-04-28 00:49:38,2022-04-28 01:02:59,ACC0295,30,+43 40-339-504,P0005,LOC006,Other,0.3179
1159,2022-04-29 09:46:52,2022-04-29 09:58:42,ACC0434,29,+200 91-478-643,P0005,LOC007,Services,0.8427
1160,2022-04-29 10:34:10,2022-04-29 10:56:56,ACC088,33,+100 97-132-297,P0015,LOC001,Healthcare,0.2222
1161,2022-04-29 14:23:45,2022-04-29 14:47:12,ACC0323,58,+46 68-367-532,P0004,LOC004,Other,0.7035
1162,2022-04-29 14:32:58,2022-04-29 14:49:49,ACC0201,76,+44 34-245-410,P0010,LOC005,Government,0.2077
1163,2022-04-29 16:26:35,2022-04-29 16:50:12,ACC0113,58,+44 34-157-322,P0003,LOC004,Other,0.3297
1164,2022-04-29 22:21:26,2022-04-29 22:25:47,ACC0397,62,+100 54-441-606,P0005,LOC008,Government,0.5562
1165,2022-04-29 22:31:38,2022-04-29 22:47:46,ACC052,67,+26 61-96-261,P0012,LOC006,Retail,0.5094
1166,2022-04-29 23:26:58,2022-04-29 23:46:14,ACC0497,22,+100 66-541-706,P0004,LOC007,Services,0.0515
1167,2022-04-30 00:48:28,2022-04-30 01:13:19,ACC0577,32,+200 58-621-786,P0011,LOC004,Retail,0.2793
1168,2022-04-30 01:13:27,2022-04-30 01:30:14,ACC0366,31,+44 23-410-575,P0010,LOC004,Other,0.8899
1169,2022-04-30 07:00:18,2022-04-30 07:15:56,ACC0197,72,+56 30-241-406,P0012,LOC003,Other,0.8605
1170,2022-04-30 13:29:02,2022-04-30 13:33:39,ACC0415,80,+26 72-459-624,P0001,LOC005,Other,0.2225
1171,2022-04-30 16:03:00,2022-04-30 16:25:14,ACC0282,17,+34 27-326-491,P0002,LOC004,Other,0.5051
1172,2022-05-01 03:33:15,2022-05-01 03:53:50,ACC0166,41,+100 87-210-375,P0003,LOC005,Government,0.9918
1173,2022-05-01 10:50:19,2022-05-01 11:00:40,ACC0363,28,+100 20-407-572,P0019,LOC004,Cross-Industry,0.1447
1174,2022-05-01 17:36:59,2022-05-01 17:50:52,ACC0202,77,+46 35-246-411,P0011,LOC004,Cross-Industry,0.8484
1175,2022-05-02 01:20:36,2022-05-02 01:43:30,ACC050,65,+36 59-94-259,P0001,LOC006,Other,0.3474
1176,2022-05-02 14:09:52,2022-05-02 14:17:44,ACC053,68,+43 62-97-262,P0011,LOC005,Healthcare,0.5437
1177,2022-05-02 22:20:26,2022-05-02 22:29:47,ACC0199,74,+100 32-243-408,P0004,LOC009,Retail,0.9387
1178,2022-05-03 04:13:11,2022-05-03 04:26:50,ACC079,24,+100 88-123-288,P0019,LOC003,Other,0.3717
1179,2022-05-03 11:31:25,2022-05-03 11:45:00,ACC0336,71,+36 81-380-545,P0005,LOC007,Services,0.6204
1180,2022-05-03 14:23:54,2022-05-03 14:28:10,ACC0400,65,+46 57-444-609,P0012,LOC003,Other,0.8962
1181,2022-05-03 20:13:42,2022-05-03 20:13:53,ACC0570,25,+43 51-614-779,P0006,LOC001,Retail,0.7805
1182,2022-05-03 23:45:04,2022-05-04 00:01:57,ACC0197,72,+56 30-241-406,P0009,LOC009,Other,0.7617
1183,2022-05-04 00:37:26,2022-05-04 00:41:09,ACC0218,23,+43 51-262-427,P0008,LOC009,Other,0.9179
1184,2022-05-04 09:51:13,2022-05-04 10:06:53,ACC04,19,+46 13-48-213,P0018,LOC002,Healthcare,0.1172
1185,2022-05-04 14:46:56,2022-05-04 14:49:45,ACC058,73,+44 67-102-267,P0007,LOC007,Other,0.4512
1186,2022-05-05 07:43:11,2022-05-05 07:54:20,ACC0341,76,+100 86-385-550,P0014,LOC008,Government,0.2338
1187,2022-05-06 00:39:27,2022-05-06 00:43:02,ACC0105,50,+36 26-149-314,P0005,LOC007,Services,0.4968
1188,2022-05-06 02:07:26,2022-05-06 02:27:29,ACC0561,16,+100 42-605-770,P0008,LOC009,Other,0.1093
1189,2022-05-06 07:03:52,2022-05-06 07:06:08,ACC013,28,+100 22-57-222,P0006,LOC002,Cross-Industry,0.8888
1190,2022-05-06 15:16:10,2022-05-06 15:18:53,ACC0410,75,+44 67-454-619,P0018,LOC004,Healthcare,0.4189
1191,2022-05-06 16:12:35,2022-05-06 16:28:00,ACC0589,44,+36 70-633-798,P0012,LOC004,Other,0.2998
1192,2022-05-06 21:05:21,2022-05-06 21:15:52,ACC0352,17,+100 97-396-561,P0002,LOC007,Other,0.2536
1193,2022-05-07 01:43:50,2022-05-07 01:59:54,ACC0284,19,+43 29-328-493,P0001,LOC004,Healthcare,0.4817
1194,2022-05-08 01:18:41,2022-05-08 01:40:19,ACC082,27,+200 91-126-291,P0004,LOC004,Government,0.7228
1195,2022-05-09 01:32:15,2022-05-09 01:34:16,ACC0547,72,+26 28-591-756,P0018,LOC003,Other,0.5721
1196,2022-05-09 13:28:46,2022-05-09 13:36:48,ACC0389,54,+46 46-433-598,P0019,LOC003,Healthcare,0.6669
1197,2022-05-09 23:47:26,2022-05-10 00:00:59,ACC0384,49,+56 41-428-593,P0018,LOC003,Cross-Industry,0.5404
1198,2022-05-10 19:24:08,2022-05-10 19:31:23,ACC045,60,+100 54-89-254,P0005,LOC007,Retail,0.4439
1199,2022-05-11 18:28:12,2022-05-11 18:43:57,ACC0502,27,+34 71-546-711,P0002,LOC005,Government,0.9148
1200,2022-05-12 05:57:43,2022-05-12 06:09:26,ACC0575,30,+44 56-619-784,P0014,LOC009,Other,0.1702
1201,2022-05-14 06:31:08,2022-05-14 06:32:37,ACC0418,83,+100 75-462-627,P0004,LOC006,Government,0.1626
1202,2022-05-14 20:07:56,2022-05-14 20:27:18,ACC0494,19,+56 63-538-703,P0019,LOC005,Healthcare,0.8372
1203,2022-05-15 14:58:48,2022-05-15 15:11:19,ACC0303,38,+36 48-347-512,P0015,LOC001,Other,0.2683
1204,2022-05-16 05:22:44,2022-05-16 05:34:18,ACC0273,78,+43 18-317-482,P0015,LOC007,Services,0.1639
1205,2022-05-16 09:14:53,2022-05-16 09:15:48,ACC0284,19,+43 29-328-493,P0019,LOC002,Healthcare,0.1554
1206,2022-05-16 12:28:40,2022-05-16 12:35:13,ACC084,29,+34 93-128-293,P0015,LOC006,Services,0.4584
1207,2022-05-17 03:54:49,2022-05-17 03:59:36,ACC0503,28,+26 72-547-712,P0015,LOC001,Cross-Industry,0.4301
1208,2022-05-18 10:10:51,2022-05-18 10:28:02,ACC0336,71,+36 81-380-545,P0006,LOC009,Services,0.2828
1209,2022-05-19 13:08:32,2022-05-19 13:18:51,ACC0200,75,+100 33-244-409,P0008,LOC008,Healthcare,0.5371
1210,2022-05-19 18:44:07,2022-05-19 18:46:33,ACC0327,62,+26 72-371-536,P0018,LOC003,Government,0.2424
1211,2022-05-20 19:00:29,2022-05-20 19:05:25,ACC0430,25,+100 87-474-639,P0017,LOC003,Retail,0.0429
1212,2022-05-21 03:11:45,2022-05-21 03:30:37,ACC0516,41,+56 85-560-725,P0018,LOC001,Government,0.3561
1213,2022-05-21 03:44:13,2022-05-21 04:07:40,ACC064,79,+43 73-108-273,P0016,LOC002,Other,0.8654
1214,2022-05-21 10:37:14,2022-05-21 11:01:14,ACC0360,25,+26 17-404-569,P0019,LOC002,Retail,0.0398
1215,2022-05-21 10:38:32,2022-05-21 10:39:40,ACC0570,25,+43 51-614-779,P0004,LOC005,Retail,0.0456
1216,2022-05-21 17:27:22,2022-05-21 17:32:22,ACC0298,33,+100 43-342-507,P0001,LOC005,Healthcare,0.6566
1217,2022-05-21 19:49:13,2022-05-21 19:53:27,ACC0162,37,+26 83-206-371,P0001,LOC003,Other,0.4918
1218,2022-05-22 00:06:13,2022-05-22 00:13:38,ACC0227,32,+34 60-271-436,P0002,LOC003,Retail,0.2653
1219,2022-05-22 06:46:31,2022-05-22 07:11:19,ACC056,71,+100 65-100-265,P0019,LOC001,Services,0.9015
1220,2022-05-23 05:44:41,2022-05-23 06:00:33,ACC0253,58,+100 86-297-462,P0008,LOC008,Other,0.0819
1221,2022-05-23 07:02:41,2022-05-23 07:19:04,ACC0331,66,+100 76-375-540,P0014,LOC007,Other,0.9404
1222,2022-05-23 08:01:54,2022-05-23 08:05:08,ACC0246,51,+46 79-290-455,P0014,LOC009,Other,0.1114
1223,2022-05-23 16:34:37,2022-05-23 16:37:48,ACC0262,67,+43 95-306-471,P0011,LOC002,Retail,0.8629
1224,2022-05-24 01:46:25,2022-05-24 01:48:23,ACC098,43,+56 19-142-307,P0017,LOC008,Services,0.0614
1225,2022-05-24 08:40:41,2022-05-24 09:00:39,ACC0462,57,+100 31-506-671,P0009,LOC004,Services,0.5577
1226,2022-05-24 15:54:27,2022-05-24 16:16:03,ACC0171,46,+36 92-215-380,P0002,LOC006,Retail,0.1744
1227,2022-05-24 22:13:01,2022-05-24 22:16:16,ACC0324,59,+200 69-368-533,P0003,LOC005,Other,0.5512
1228,2022-05-25 09:58:50,2022-05-25 10:10:13,ACC0177,52,+100 10-221-386,P0012,LOC004,Other,0.2217
1229,2022-05-25 12:22:16,2022-05-25 12:46:02,ACC0113,58,+44 34-157-322,P0006,LOC006,Other,0.7116
1230,2022-05-25 16:10:36,2022-05-25 16:26:28,ACC0488,83,+46 57-532-697,P0005,LOC001,Government,0.2405
1231,2022-05-25 18:18:20,2022-05-25 18:32:07,ACC0166,41,+100 87-210-375,P0009,LOC004,Government,0.5473
1232,2022-05-27 08:13:29,2022-05-27 08:14:18,ACC0433,28,+46 90-477-642,P0006,LOC006,Cross-Industry,0.6318
1233,2022-05-27 08:22:26,2022-05-27 08:28:25,ACC0156,31,+100 77-200-365,P0014,LOC008,Other,0.6308
1234,2022-05-27 10:10:09,2022-05-27 10:32:09,ACC0585,40,+100 66-629-794,P0019,LOC004,Healthcare,0.2029
1235,2022-05-27 14:31:31,2022-05-27 14:53:03,ACC0208,83,+56 41-252-417,P0011,LOC002,Government,0.5953
1236,2022-05-27 19:34:31,2022-05-27 19:58:15,ACC0148,23,+200 69-192-357,P0001,LOC002,Other,0.6592
1237,2022-05-28 07:28:55,2022-05-28 07:38:17,ACC0280,85,+200 25-324-489,P0012,LOC003,Services,0.2024
1238,2022-05-28 17:56:55,2022-05-28 18:11:40,ACC0298,33,+100 43-342-507,P0019,LOC003,Healthcare,0.4954
1239,2022-05-28 20:54:48,2022-05-28 21:05:24,ACC0388,53,+44 45-432-597,P0008,LOC009,Retail,0.1671
1240,2022-05-28 21:37:04,2022-05-28 21:39:14,ACC025,40,+44 34-69-234,P0018,LOC002,Healthcare,0.9437
1241,2022-05-29 06:07:21,2022-05-29 06:09:10,ACC0532,57,+46 13-576-741,P0019,LOC005,Services,0.5938
1242,2022-05-30 04:11:05,2022-05-30 04:12:36,ACC0153,28,+56 74-197-362,P0015,LOC006,Cross-Industry,0.6371
1243,2022-05-30 15:25:05,2022-05-30 15:41:52,ACC0529,54,+100 10-573-738,P0003,LOC005,Healthcare,0.9852
1244,2022-05-30 21:01:57,2022-05-30 21:03:11,ACC0350,85,+43 95-394-559,P0002,LOC006,Services,0.5622
1245,2022-05-30 23:31:03,2022-05-30 23:48:15,ACC0137,82,+200 58-181-346,P0008,LOC001,Healthcare,0.0680
1246,2022-05-31 05:07:53,2022-05-31 05:24:38,ACC078,23,+100 87-122-287,P0006,LOC006,Other,0.2911
1247,2022-05-31 06:17:23,2022-05-31 06:26:37,ACC045,60,+100 54-89-254,P0001,LOC001,Retail,0.1564
1248,2022-05-31 13:31:24,2022-05-31 13:36:46,ACC0363,28,+100 20-407-572,P0015,LOC006,Cross-Industry,0.8266
1249,2022-06-01 00:55:35,2022-06-01 01:06:33,ACC0385,50,+100 42-429-594,P0001,LOC004,Services,0.0757
1250,2022-06-01 18:41:17,2022-06-01 18:53:26,ACC0269,74,+200 14-313-478,P0016,LOC001,Retail,0.8370
1251,2022-06-01 19:05:37,2022-06-01 19:06:02,ACC0190,65,+44 23-234-399,P0007,LOC002,Other,0.7620
1252,2022-06-01 19:12:34,2022-06-01 19:13:45,ACC0461,56,+56 30-505-670,P0002,LOC007,Cross-Industry,0.5935
1253,2022-06-02 05:57:29,2022-06-02 05:59:16,ACC0282,17,+34 27-326-491,P0013,LOC004,Other,0.9207
1254,2022-06-02 16:13:36,2022-06-02 16:23:18,ACC0431,26,+100 88-475-640,P0019,LOC004,Healthcare,0.5810
1255,2022-06-02 20:58:08,2022-06-02 21:14:39,ACC0428,23,+56 85-472-637,P0004,LOC007,Other,0.7635
1256,2022-06-02 21:19:09,2022-06-02 21:44:52,ACC044,59,+100 53-88-253,P0014,LOC006,Other,0.5033
1257,2022-06-03 15:05:22,2022-06-03 15:07:44,ACC093,38,+200 14-137-302,P0001,LOC002,Other,0.3725
1258,2022-06-03 18:10:00,2022-06-03 18:11:09,ACC0580,35,+26 61-624-789,P0010,LOC004,Cross-Industry,0.5325
1259,2022-06-03 23:57:50,2022-06-04 00:21:58,ACC0414,79,+34 71-458-623,P0017,LOC001,Other,0.1670
1260,2022-06-04 03:01:19,2022-06-04 03:08:44,ACC0558,83,+26 39-602-767,P0004,LOC008,Government,0.6032
1261,2022-06-04 12:13:40,2022-06-04 12:28:00,ACC0191,66,+46 24-235-400,P0006,LOC006,Other,0.3470
1262,2022-06-04 16:48:18,2022-06-04 17:10:12,ACC0397,62,+100 54-441-606,P0006,LOC006,Government,0.2412
1263,2022-06-05 08:07:09,2022-06-05 08:20:02,ACC0474,69,+100 43-518-683,P0018,LOC002,Government,0.4754
1264,2022-06-05 09:35:56,2022-06-05 09:53:57,ACC0121,66,+100 42-165-330,P0009,LOC002,Other,0.5719
1265,2022-06-05 11:41:51,2022-06-05 12:06:53,ACC0508,33,+100 77-552-717,P0011,LOC005,Healthcare,0.2215
1266,2022-06-05 13:23:07,2022-06-05 13:45:51,ACC05,20,+200 14-49-214,P0011,LOC002,Government,0.6762
1267,2022-06-05 23:02:03,2022-06-05 23:19:42,ACC0258,63,+200 91-302-467,P0003,LOC003,Cross-Industry,0.5276
1268,2022-06-06 04:25:22,2022-06-06 04:48:14,ACC060,75,+200 69-104-269,P0008,LOC009,Healthcare,0.8146
1269,2022-06-06 08:40:20,2022-06-06 08:52:42,ACC0310,45,+100 55-354-519,P0015,LOC001,Other,0.5107
1270,2022-06-06 14:33:28,2022-06-06 14:59:12,ACC0586,41,+44 67-630-795,P0007,LOC001,Government,0.8357
1271,2022-06-06 17:38:01,2022-06-06 17:54:29,ACC0273,78,+43 18-317-482,P0013,LOC008,Services,0.1800
1272,2022-06-07 09:51:40,2022-06-07 09:59:31,ACC0357,22,+200 14-401-566,P0005,LOC009,Services,0.6121
1273,2022-06-07 22:30:01,2022-06-07 22:55:37,ACC0221,26,+100 54-265-430,P0015,LOC001,Healthcare,0.6635
1274,2022-06-08 14:46:44,2022-06-08 15:04:56,ACC0483,78,+56 52-527-692,P0011,LOC003,Services,0.1117
1275,2022-06-08 22:45:38,2022-06-08 23:02:45,ACC0288,23,+100 33-332-497,P0012,LOC003,Other,0.9850
1276,2022-06-09 13:52:21,2022-06-09 13:53:19,ACC0402,67,+36 59-446-611,P0017,LOC001,Retail,0.5060
1277,2022-06-09 22:38:24,2022-06-09 22:58:27,ACC07,22,+34 16-51-216,P0015,LOC006,Services,0.1700
1278,2022-06-10 00:22:03,2022-06-10 00:47:25,ACC026,41,+46 35-70-235,P0018,LOC003,Government,0.1183
1279,2022-06-10 01:18:30,2022-06-10 01:37:44,ACC098,43,+56 19-142-307,P0014,LOC008,Services,0.8599
1280,2022-06-10 16:24:18,2022-06-10 16:48:16,ACC0301,36,+46 46-345-510,P0016,LOC008,Services,0.7855
1281,2022-06-11 04:57:47,2022-06-11 05:23:14,ACC0418,83,+100 75-462-627,P0016,LOC007,Government,0.2926
1282,2022-06-11 12:27:52,2022-06-11 12:42:16,ACC0340,75,+56 85-384-549,P0011,LOC004,Healthcare,0.9284
1283,2022-06-11 17:50:04,2022-06-11 17:53:18,ACC0430,25,+100 87-474-639,P0018,LOC002,Retail,0.4061
1284,2022-06-12 00:03:24,2022-06-12 00:24:55,ACC0534,59,+36 15-578-743,P0008,LOC009,Other,0.9474
1285,2022-06-12 02:35:56,2022-06-12 02:56:05,ACC0202,77,+46 35-246-411,P0014,LOC008,Cross-Industry,0.0837
1286,2022-06-12 08:44:36,2022-06-12 09:05:44,ACC0139,84,+34 60-183-348,P0003,LOC005,Cross-Industry,0.1737
1287,2022-06-12 12:26:22,2022-06-12 12:31:32,ACC0566,21,+200 47-610-775,P0015,LOC006,Cross-Industry,0.6552
1288,2022-06-12 16:04:44,2022-06-12 16:29:50,ACC0357,22,+200 14-401-566,P0015,LOC001,Services,0.6256
1289,2022-06-12 18:55:06,2022-06-12 19:16:26,ACC0515,40,+43 84-559-724,P0017,LOC002,Healthcare,0.6803
1290,2022-06-13 01:29:10,2022-06-13 01:34:10,ACC0569,24,+26 50-613-778,P0006,LOC008,Other,0.1398
1291,2022-06-13 16:26:41,2022-06-13 16:30:07,ACC0538,63,+56 19-582-747,P0007,LOC001,Cross-Industry,0.9906
1292,2022-06-13 19:53:34,2022-06-13 20:05:39,ACC0143,18,+100 64-187-352,P0009,LOC004,Retail,0.5212
1293,2022-06-13 20:45:26,2022-06-13 21:05:47,ACC0396,61,+100 53-440-605,P0017,LOC003,Healthcare,0.7530
1294,2022-06-13 23:04:19,2022-06-13 23:28:25,ACC0489,84,+200 58-533-698,P0010,LOC003,Cross-Industry,0.6239
1295,2022-06-14 20:22:20,2022-06-14 20:31:02,ACC0187,62,+100 20-231-396,P0014,LOC008,Government,0.2809
1296,2022-06-15 04:21:02,2022-06-15 04:44:31,ACC0394,59,+43 51-438-603,P0016,LOC007,Other,0.8507
1297,2022-06-15 08:58:33,2022-06-15 09:20:21,ACC0578,33,+36 59-622-787,P0006,LOC008,Healthcare,0.3778
1298,2022-06-16 05:07:03,2022-06-16 05:26:10,ACC0105,50,+36 26-149-314,P0004,LOC005,Services,0.4542
1299,2022-06-17 11:21:12,2022-06-17 11:44:33,ACC0368,33,+200 25-412-577,P0016,LOC008,Healthcare,0.8069
1300,2022-06-17 23:15:28,2022-06-17 23:30:15,ACC0213,18,+46 46-257-422,P0009,LOC001,Retail,0.3582
1301,2022-06-18 08:34:45,2022-06-18 08:36:56,ACC022,37,+100 31-66-231,P0002,LOC003,Other,0.3057
1302,2022-06-18 19:52:29,2022-06-18 19:54:35,ACC066,81,+100 75-110-275,P0002,LOC003,Retail,0.6132
1303,2022-06-19 01:37:43,2022-06-19 01:45:51,ACC0530,55,+100 11-574-739,P0002,LOC005,Government,0.5712
1304,2022-06-19 07:47:03,2022-06-19 08:06:05,ACC0317,52,+43 62-361-526,P0013,LOC007,Other,0.6378
1305,2022-06-19 10:48:08,2022-06-19 10:58:11,ACC0139,84,+34 60-183-348,P0004,LOC008,Cross-Industry,0.0522
1306,2022-06-19 15:07:43,2022-06-19 15:27:18,ACC031,46,+43 40-75-240,P0005,LOC005,Retail,0.0439
1307,2022-06-19 15:52:01,2022-06-19 16:03:23,ACC0568,23,+34 49-612-777,P0012,LOC007,Other,0.4214
1308,2022-06-20 00:39:11,2022-06-20 01:05:03,ACC0369,34,+36 26-413-578,P0004,LOC005,Government,0.7061
1309,2022-06-20 12:12:21,2022-06-20 12:15:35,ACC0326,61,+34 71-370-535,P0019,LOC001,Healthcare,0.6620
1310,2022-06-20 15:14:24,2022-06-20 15:32:47,ACC0246,51,+46 79-290-455,P0003,LOC003,Other,0.9920
1311,2022-06-20 20:38:19,2022-06-20 21:00:03,ACC0380,45,+36 37-424-589,P0006,LOC001,Other,0.1273
1312,2022-06-21 06:11:23,2022-06-21 06:34:57,ACC060,75,+200 69-104-269,P0011,LOC003,Healthcare,0.9684
1313,2022-06-22 18:42:00,2022-06-22 18:43:48,ACC0436,31,+34 93-480-645,P0002,LOC005,Other,0.9282
1314,2022-06-22 22:56:52,2022-06-22 22:58:51,ACC0253,58,+100 86-297-462,P0002,LOC005,Other,0.8037
1315,2022-06-23 03:55:39,2022-06-23 04:16:52,ACC0404,69,+26 61-448-613,P0005,LOC007,Government,0.7336
1316,2022-06-23 19:52:27,2022-06-23 20:10:30,ACC0435,30,+36 92-479-644,P0015,LOC009,Other,0.1940
1317,2022-06-24 10:24:33,2022-06-24 10:41:33,ACC0397,62,+100 54-441-606,P0009,LOC002,Government,0.2679
1318,2022-06-24 13:12:09,2022-06-24 13:23:55,ACC011,26,+100 20-55-220,P0011,LOC002,Healthcare,0.9268
1319,2022-06-24 13:33:04,2022-06-24 13:57:25,ACC0419,84,+100 76-463-628,P0014,LOC008,Cross-Industry,0.6317
1320,2022-06-25 08:09:37,2022-06-25 08:31:19,ACC0575,30,+44 56-619-784,P0002,LOC004,Other,0.8053
1321,2022-06-25 17:16:55,2022-06-25 17:17:43,ACC0335,70,+200 80-379-544,P0008,LOC009,Cross-Industry,0.6966
1322,2022-06-25 23:41:12,2022-06-25 23:47:45,ACC0571,26,+56 52-615-780,P0003,LOC003,Healthcare,0.2419
1323,2022-06-26 11:31:54,2022-06-26 11:56:02,ACC0165,40,+100 86-209-374,P0007,LOC002,Healthcare,0.0809
1324,2022-06-26 23:31:13,2022-06-26 23:42:57,ACC0529,54,+100 10-573-738,P0001,LOC001,Healthcare,0.3353
1325,2022-06-27 01:51:44,2022-06-27 02:02:48,ACC0511,36,+200 80-555-720,P0017,LOC001,Services,0.4871
1326,2022-06-27 05:36:59,2022-06-27 05:39:58,ACC012,27,+100 21-56-221,P0018,LOC009,Government,0.4333
1327,2022-06-27 06:14:59,2022-06-27 06:18:15,ACC082,27,+200 91-126-291,P0010,LOC001,Government,0.6401
1328,2022-06-27 21:18:31,2022-06-27 21:42:40,ACC0377,42,+44 34-421-586,P0008,LOC001,Cross-Industry,0.9465
1329,2022-06-28 02:17:08,2022-06-28 02:28:26,ACC0154,29,+100 75-198-363,P0011,LOC004,Services,0.7530
1330,2022-06-28 04:53:42,2022-06-28 04:57:49,ACC0411,76,+46 68-455-620,P0004,LOC004,Government,0.8373
1331,2022-06-29 09:49:35,2022-06-29 09:50:16,ACC0484,79,+100 53-528-693,P0003,LOC003,Other,0.9296
1332,2022-06-30 05:29:31,2022-06-30 05:47:26,ACC0276,81,+100 21-320-485,P0006,LOC001,Retail,0.0419
1333,2022-07-01 03:01:36,2022-07-01 03:02:58,ACC0387,52,+100 44-431-596,P0018,LOC002,Other,0.0465
1334,2022-07-01 04:08:21,2022-07-01 04:23:32,ACC0557,82,+34 38-601-766,P0001,LOC005,Healthcare,0.4724
1335,2022-07-01 07:42:50,2022-07-01 08:06:36,ACC0109,54,+56 30-153-318,P0003,LOC007,Healthcare,0.4067
1336,2022-07-01 17:10:36,2022-07-01 17:18:41,ACC0365,30,+100 22-409-574,P0018,LOC001,Other,0.4942
1337,2022-07-01 23:16:25,2022-07-01 23:22:34,ACC0435,30,+36 92-479-644,P0018,LOC001,Other,0.7481
1338,2022-07-02 12:21:45,2022-07-02 12:27:54,ACC0582,37,+56 63-626-791,P0009,LOC001,Other,0.7265
1339,2022-07-02 13:57:46,2022-07-02 14:15:31,ACC0242,47,+100 75-286-451,P0010,LOC005,Healthcare,0.6514
1340,2022-07-03 16:25:35,2022-07-03 16:38:22,ACC0286,21,+100 31-330-495,P0016,LOC007,Cross-Industry,0.7324
1341,2022-07-04 02:12:57,2022-07-04 02:35:04,ACC0275,80,+100 20-319-484,P0018,LOC004,Other,0.4439
1342,2022-07-04 10:18:30,2022-07-04 10:36:09,ACC0486,81,+100 55-530-695,P0005,LOC005,Retail,0.3758
1343,2022-07-05 03:43:25,2022-07-05 04:07:16,ACC0153,28,+56 74-197-362,P0016,LOC002,Cross-Industry,0.5101
1344,2022-07-05 07:12:18,2022-07-05 07:35:00,ACC0506,31,+100 75-550-715,P0011,LOC006,Other,0.7430
1345,2022-07-06 03:59:13,2022-07-06 04:24:14,ACC0282,17,+34 27-326-491,P0010,LOC004,Other,0.1445
1346,2022-07-06 05:21:16,2022-07-06 05:21:29,ACC0562,17,+100 43-606-771,P0014,LOC006,Other,0.0652
1347,2022-07-06 05:25:39,2022-07-06 05:51:32,ACC0301,36,+46 46-345-510,P0001,LOC004,Services,0.0732
1348,2022-07-06 11:32:53,2022-07-06 11:47:09,ACC013,28,+100 22-57-222,P0018,LOC001,Cross-Industry,0.1719
1349,2022-07-06 11:58:17,2022-07-06 12:19:19,ACC0162,37,+26 83-206-371,P0001,LOC003,Other,0.8905
1350,2022-07-06 21:19:59,2022-07-06 21:26:15,ACC0428,23,+56 85-472-637,P0002,LOC004,Other,0.8146
1351,2022-07-07 12:39:03,2022-07-07 13:04:07,ACC0335,70,+200 80-379-544,P0001,LOC002,Cross-Industry,0.2295
1352,2022-07-07 20:24:26,2022-07-07 20:46:48,ACC0155,30,+100 76-199-364,P0018,LOC004,Other,0.3740
1353,2022-07-08 05:39:44,2022-07-08 05:49:37,ACC0197,72,+56 30-241-406,P0005,LOC006,Other,0.3172
1354,2022-07-08 23:37:19,2022-07-08 23:48:49,ACC0416,81,+43 73-460-625,P0016,LOC002,Retail,0.3070
1355,2022-07-09 02:20:39,2022-07-09 02:29:51,ACC0247,52,+200 80-291-456,P0016,LOC009,Other,0.7578
1356,2022-07-09 02:49:45,2022-07-09 03:05:06,ACC0129,74,+26 50-173-338,P0014,LOC009,Retail,0.3747
1357,2022-07-09 07:41:56,2022-07-09 07:44:02,ACC0124,69,+44 45-168-333,P0008,LOC001,Government,0.2187
1358,2022-07-09 21:39:14,2022-07-09 21:51:53,ACC0540,65,+100 21-584-749,P0007,LOC008,Other,0.9979
1359,2022-07-10 10:42:05,2022-07-10 10:48:28,ACC0174,49,+43 95-218-383,P0005,LOC005,Cross-Industry,0.7274
1360,2022-07-10 20:17:27,2022-07-10 20:34:34,ACC0415,80,+26 72-459-624,P0006,LOC006,Other,0.3906
1361,2022-07-11 15:50:38,2022-07-11 16:00:04,ACC0587,42,+46 68-631-796,P0016,LOC008,Cross-Industry,0.9312
1362,2022-07-11 16:29:14,2022-07-11 16:44:07,ACC0154,29,+100 75-198-363,P0003,LOC007,Services,0.0293
1363,2022-07-11 19:57:41,2022-07-11 20:00:07,ACC096,41,+26 17-140-305,P0010,LOC004,Government,0.0136
1364,2022-07-11 23:30:38,2022-07-11 23:42:32,ACC0506,31,+100 75-550-715,P0018,LOC003,Other,0.1321
1365,2022-07-12 14:29:38,2022-07-12 14:36:14,ACC0348,83,+34 93-392-557,P0005,LOC008,Government,0.3480
1366,2022-07-12 16:36:16,2022-07-12 16:52:22,ACC0403,68,+34 60-447-612,P0007,LOC007,Healthcare,0.0868
1367,2022-07-12 18:25:07,2022-07-12 18:39:59,ACC0393,58,+26 50-437-602,P0015,LOC007,Other,0.8677
1368,2022-07-12 20:19:02,2022-07-12 20:32:40,ACC0495,20,+100 64-539-704,P0017,LOC003,Government,0.0165
1369,2022-07-13 12:47:19,2022-07-13 12:54:37,ACC0335,70,+200 80-379-544,P0010,LOC001,Cross-Industry,0.0984
1370,2022-07-14 18:21:15,2022-07-14 18:35:57,ACC0343,78,+100 88-387-552,P0008,LOC001,Services,0.8609
1371,2022-07-14 23:33:55,2022-07-14 23:47:05,ACC0503,28,+26 72-547-712,P0019,LOC001,Cross-Industry,0.0405
1372,2022-07-15 07:35:19,2022-07-15 07:56:25,ACC0146,21,+44 67-190-355,P0014,LOC006,Cross-Industry,0.3469
1373,2022-07-15 21:55:40,2022-07-15 22:17:31,ACC054,69,+56 63-98-263,P0006,LOC002,Government,0.2518
1374,2022-07-16 06:25:24,2022-07-16 06:29:23,ACC0108,53,+43 29-152-317,P0008,LOC001,Retail,0.2115
1375,2022-07-16 19:31:57,2022-07-16 19:54:39,ACC0106,51,+34 27-150-315,P0015,LOC007,Other,0.8276
1376,2022-07-16 20:27:43,2022-07-16 20:37:20,ACC0467,62,+200 36-511-676,P0018,LOC002,Government,0.7692
1377,2022-07-18 00:36:23,2022-07-18 00:57:26,ACC0225,30,+200 58-269-434,P0011,LOC006,Other,0.0970
1378,2022-07-18 02:47:30,2022-07-18 03:04:26,ACC0304,39,+34 49-348-513,P0008,LOC009,Retail,0.1994
1379,2022-07-18 16:36:36,2022-07-18 16:49:11,ACC0210,85,+100 43-254-419,P0018,LOC009,Services,0.5334
1380,2022-07-19 08:08:35,2022-07-19 08:13:49,ACC06,21,+36 15-50-215,P0007,LOC002,Cross-Industry,0.1719
1381,2022-07-19 20:08:20,2022-07-19 20:08:53,ACC0408,73,+100 65-452-617,P0014,LOC008,Other,0.3571
1382,2022-07-19 22:56:04,2022-07-19 23:05:51,ACC094,39,+36 15-138-303,P0010,LOC003,Retail,0.5697
1383,2022-07-20 17:40:09,2022-07-20 18:04:25,ACC0177,52,+100 10-221-386,P0010,LOC001,Other,0.9346
1384,2022-07-21 23:45:45,2022-07-21 23:49:33,ACC0437,32,+26 94-481-646,P0002,LOC003,Retail,0.7760
1385,2022-07-22 07:02:11,2022-07-22 07:14:49,ACC0177,52,+100 10-221-386,P0004,LOC008,Other,0.0079
1386,2022-07-22 10:14:50,2022-07-22 10:20:34,ACC0159,34,+200 80-203-368,P0002,LOC002,Government,0.6862
1387,2022-07-22 18:11:27,2022-07-22 18:30:31,ACC0367,32,+46 24-411-576,P0008,LOC002,Retail,0.4697
1388,2022-07-23 00:48:43,2022-07-23 00:54:19,ACC0158,33,+46 79-202-367,P0001,LOC001,Healthcare,0.1599
1389,2022-07-23 09:31:52,2022-07-23 09:36:25,ACC0398,63,+100 55-442-607,P0012,LOC005,Cross-Industry,0.1278
1390,2022-07-23 09:42:57,2022-07-23 10:09:07,ACC0259,64,+36 92-303-468,P0002,LOC007,Services,0.7513
1391,2022-07-23 18:39:06,2022-07-23 18:41:57,ACC0546,71,+34 27-590-755,P0007,LOC007,Services,0.1709
1392,2022-07-23 23:15:05,2022-07-23 23:21:25,ACC0472,67,+56 41-516-681,P0007,LOC002,Retail,0.9799
1393,2022-07-24 00:00:37,2022-07-24 00:01:19,ACC094,39,+36 15-138-303,P0018,LOC001,Retail,0.7984
1394,2022-07-24 20:53:56,2022-07-24 21:10:35,ACC0293,28,+34 38-337-502,P0019,LOC001,Cross-Industry,0.3432
1395,2022-07-24 22:03:44,2022-07-24 22:22:28,ACC0248,53,+36 81-292-457,P0017,LOC008,Retail,0.4224
1396,2022-07-25 00:52:14,2022-07-25 01:09:37,ACC0122,67,+100 43-166-331,P0008,LOC003,Retail,0.5785
1397,2022-07-25 04:44:13,2022-07-25 05:07:35,ACC0227,32,+34 60-271-436,P0015,LOC009,Retail,0.9636
1398,2022-07-25 06:16:57,2022-07-25 06:23:43,ACC0328,63,+43 73-372-537,P0016,LOC009,Cross-Industry,0.6495
1399,2022-07-25 18:01:11,2022-07-25 18:02:16,ACC0557,82,+34 38-601-766,P0019,LOC002,Healthcare,0.5784
1400,2022-07-25 18:22:18,2022-07-25 18:38:14,ACC0425,20,+34 82-469-634,P0019,LOC004,Government,0.2483
1401,2022-07-26 06:58:20,2022-07-26 07:22:34,ACC0195,70,+26 28-239-404,P0011,LOC004,Cross-Industry,0.9746
1402,2022-07-26 20:20:14,2022-07-26 20:43:38,ACC0110,55,+100 31-154-319,P0005,LOC006,Government,0.1300
1403,2022-07-27 00:48:11,2022-07-27 01:00:35,ACC0519,44,+100 88-563-728,P0007,LOC009,Other,0.0477
1404,2022-07-27 21:29:30,2022-07-27 21:40:15,ACC0162,37,+26 83-206-371,P0009,LOC002,Other,0.5856
1405,2022-07-28 00:17:05,2022-07-28 00:23:41,ACC0442,37,+100 11-486-651,P0013,LOC007,Other,0.8887
1406,2022-07-28 10:37:44,2022-07-28 10:42:53,ACC094,39,+36 15-138-303,P0010,LOC001,Retail,0.2302
1407,2022-07-28 22:13:02,2022-07-28 22:36:44,ACC0226,31,+36 59-270-435,P0002,LOC006,Other,0.0184
1408,2022-07-29 14:10:59,2022-07-29 14:31:08,ACC0305,40,+26 50-349-514,P0006,LOC002,Healthcare,0.9935
1409,2022-07-29 18:11:38,2022-07-29 18:19:42,ACC0557,82,+34 38-601-766,P0008,LOC009,Healthcare,0.9903
1410,2022-07-29 20:07:44,2022-07-29 20:16:52,ACC0401,66,+200 58-445-610,P0017,LOC009,Other,0.3699
1411,2022-07-30 04:17:14,2022-07-30 04:32:00,ACC0446,41,+36 15-490-655,P0016,LOC002,Government,0.9320
1412,2022-07-30 11:18:05,2022-07-30 11:23:41,ACC0406,71,+56 63-450-615,P0012,LOC005,Services,0.9127
1413,2022-07-30 22:17:42,2022-07-30 22:27:15,ACC0564,19,+44 45-608-773,P0002,LOC006,Healthcare,0.8443
1414,2022-07-31 15:53:05,2022-07-31 16:12:50,ACC0502,27,+34 71-546-711,P0003,LOC007,Government,0.2120
1415,2022-07-31 22:27:44,2022-07-31 22:39:54,ACC0316,51,+26 61-360-525,P0001,LOC001,Other,0.8178
1416,2022-07-31 23:44:49,2022-07-31 23:48:17,ACC0365,30,+100 22-409-574,P0018,LOC001,Other,0.7409
1417,2022-08-01 09:25:22,2022-08-01 09:51:07,ACC0409,74,+100 66-453-618,P0007,LOC002,Retail,0.4633
1418,2022-08-01 19:17:30,2022-08-01 19:29:50,ACC0152,27,+43 73-196-361,P0008,LOC009,Government,0.4469
1419,2022-08-02 02:05:25,2022-08-02 02:08:10,ACC0348,83,+34 93-392-557,P0018,LOC002,Government,0.8352
1420,2022-08-02 16:47:28,2022-08-02 16:53:37,ACC0414,79,+34 71-458-623,P0005,LOC001,Other,0.4747
1421,2022-08-02 18:06:08,2022-08-02 18:11:47,ACC0122,67,+100 43-166-331,P0001,LOC005,Retail,0.7137
1422,2022-08-03 02:02:51,2022-08-03 02:10:48,ACC0489,84,+200 58-533-698,P0005,LOC009,Cross-Industry,0.2160
1423,2022-08-03 10:14:53,2022-08-03 10:30:05,ACC0118,63,+26 39-162-327,P0011,LOC004,Cross-Industry,0.6846
1424,2022-08-03 11:45:41,2022-08-03 12:08:30,ACC011,26,+100 20-55-220,P0011,LOC003,Healthcare,0.3197
1425,2022-08-03 17:30:48,2022-08-03 17:56:50,ACC0155,30,+100 76-199-364,P0011,LOC004,Other,0.2234
1426,2022-08-04 09:46:50,2022-08-04 09:48:42,ACC046,61,+100 55-90-255,P0013,LOC004,Healthcare,0.4491
1427,2022-08-04 10:28:36,2022-08-04 10:38:53,ACC0355,20,+44 12-399-564,P0015,LOC008,Government,0.8063
1428,2022-08-05 04:42:10,2022-08-05 04:52:47,ACC0551,76,+100 32-595-760,P0006,LOC006,Government,0.0728
1429,2022-08-05 06:57:32,2022-08-05 07:18:38,ACC0147,22,+46 68-191-356,P0005,LOC006,Services,0.9013
1430,2022-08-05 15:00:53,2022-08-05 15:23:42,ACC0370,35,+34 27-414-579,P0013,LOC007,Cross-Industry,0.8197
1431,2022-08-05 17:45:15,2022-08-05 17:48:56,ACC0375,40,+100 32-419-584,P0004,LOC007,Healthcare,0.0801
1432,2022-08-06 05:28:50,2022-08-06 05:41:50,ACC099,44,+100 20-143-308,P0004,LOC005,Other,0.7135
1433,2022-08-06 19:15:57,2022-08-06 19:32:07,ACC0227,32,+34 60-271-436,P0008,LOC001,Retail,0.3504
1434,2022-08-07 06:47:05,2022-08-07 07:12:52,ACC0241,46,+56 74-285-450,P0009,LOC001,Retail,0.0546
1435,2022-08-07 12:38:49,2022-08-07 12:54:38,ACC0231,36,+100 64-275-440,P0018,LOC009,Services,0.8852
1436,2022-08-07 15:56:37,2022-08-07 16:07:43,ACC0237,42,+36 70-281-446,P0012,LOC003,Cross-Industry,0.7043
1437,2022-08-07 21:11:43,2022-08-07 21:30:17,ACC0511,36,+200 80-555-720,P0014,LOC009,Services,0.8682
1438,2022-08-08 13:25:34,2022-08-08 13:36:28,ACC0487,82,+44 56-531-696,P0010,LOC004,Healthcare,0.2197
1439,2022-08-08 17:56:56,2022-08-08 18:10:49,ACC0191,66,+46 24-235-400,P0012,LOC007,Other,0.3323
1440,2022-08-08 20:10:21,2022-08-08 20:13:22,ACC098,43,+56 19-142-307,P0001,LOC006,Services,0.1093
1441,2022-08-09 12:02:29,2022-08-09 12:19:54,ACC0267,72,+44 12-311-476,P0007,LOC001,Other,0.2891
1442,2022-08-09 18:32:54,2022-08-09 18:49:27,ACC0275,80,+100 20-319-484,P0017,LOC003,Other,0.6460
1443,2022-08-10 04:46:30,2022-08-10 04:48:33,ACC0289,24,+44 34-333-498,P0018,LOC004,Other,0.3226
1444,2022-08-11 09:21:21,2022-08-11 09:36:41,ACC0258,63,+200 91-302-467,P0007,LOC009,Cross-Industry,0.1024
1445,2022-08-11 16:14:36,2022-08-11 16:23:12,ACC0192,67,+200 25-236-401,P0015,LOC001,Retail,0.2616
1446,2022-08-12 05:55:42,2022-08-12 06:20:11,ACC04,19,+46 13-48-213,P0002,LOC006,Healthcare,0.8882
1447,2022-08-12 08:55:26,2022-08-12 09:11:57,ACC0337,72,+34 82-381-546,P0003,LOC004,Other,0.6471
1448,2022-08-12 16:32:15,2022-08-12 16:58:00,ACC0521,46,+46 90-565-730,P0004,LOC007,Retail,0.5695
1449,2022-08-12 18:08:01,2022-08-12 18:16:43,ACC0537,62,+43 18-581-746,P0005,LOC005,Government,0.3667
1450,2022-08-13 12:14:45,2022-08-13 12:30:53,ACC0280,85,+200 25-324-489,P0002,LOC006,Services,0.8162
1451,2022-08-13 13:33:12,2022-08-13 13:47:04,ACC0457,52,+36 26-501-666,P0012,LOC003,Other,0.1857
1452,2022-08-13 16:00:13,2022-08-13 16:08:17,ACC0466,61,+46 35-510-675,P0012,LOC006,Healthcare,0.8507
1453,2022-08-13 17:02:36,2022-08-13 17:12:11,ACC0129,74,+26 50-173-338,P0010,LOC005,Retail,0.3503
1454,2022-08-15 00:03:10,2022-08-15 00:25:52,ACC0389,54,+46 46-433-598,P0002,LOC005,Healthcare,0.1717
1455,2022-08-15 07:27:05,2022-08-15 07:37:23,ACC0257,62,+46 90-301-466,P0010,LOC004,Government,0.6375
1456,2022-08-15 14:05:30,2022-08-15 14:17:44,ACC0262,67,+43 95-306-471,P0006,LOC007,Retail,0.7430
1457,2022-08-15 20:44:16,2022-08-15 20:53:59,ACC0352,17,+100 97-396-561,P0013,LOC004,Other,0.3258
1458,2022-08-16 04:25:41,2022-08-16 04:26:02,ACC0121,66,+100 42-165-330,P0017,LOC008,Other,0.3337
1459,2022-08-16 08:56:54,2022-08-16 09:08:51,ACC0426,21,+26 83-470-635,P0016,LOC009,Cross-Industry,0.5747
1460,2022-08-16 10:39:33,2022-08-16 11:00:17,ACC0532,57,+46 13-576-741,P0005,LOC007,Services,0.2475
1461,2022-08-16 12:56:12,2022-08-16 13:02:55,ACC0514,39,+26 83-558-723,P0012,LOC007,Retail,0.7984
1462,2022-08-17 06:34:57,2022-08-17 07:00:23,ACC0385,50,+100 42-429-594,P0005,LOC001,Services,0.7241
1463,2022-08-17 14:30:06,2022-08-17 14:49:25,ACC0109,54,+56 30-153-318,P0013,LOC004,Healthcare,0.4030
1464,2022-08-18 08:32:12,2022-08-18 08:51:40,ACC0111,56,+100 32-155-320,P0016,LOC001,Cross-Industry,0.7836
1465,2022-08-18 10:55:08,2022-08-18 11:14:45,ACC0243,48,+100 76-287-452,P0009,LOC004,Government,0.1399
1466,2022-08-19 00:03:57,2022-08-19 00:09:12,ACC0528,53,+100 97-572-737,P0013,LOC007,Retail,0.0946
1467,2022-08-19 05:30:50,2022-08-19 05:45:54,ACC0511,36,+200 80-555-720,P0017,LOC008,Services,0.2862
1468,2022-08-20 01:10:06,2022-08-20 01:15:54,ACC0294,29,+26 39-338-503,P0017,LOC001,Services,0.1638
1469,2022-08-20 05:24:06,2022-08-20 05:35:02,ACC0190,65,+44 23-234-399,P0006,LOC007,Other,0.6413
1470,2022-08-20 22:24:53,2022-08-20 22:42:15,ACC0118,63,+26 39-162-327,P0007,LOC007,Cross-Industry,0.1039
1471,2022-08-21 08:36:16,2022-08-21 08:57:32,ACC0320,55,+100 65-364-529,P0002,LOC007,Government,0.5559
1472,2022-08-21 11:45:54,2022-08-21 12:04:13,ACC048,63,+46 57-92-257,P0012,LOC005,Cross-Industry,0.0788
1473,2022-08-21 22:05:05,2022-08-21 22:31:03,ACC0197,72,+56 30-241-406,P0007,LOC001,Other,0.9905
1474,2022-08-22 00:09:19,2022-08-22 00:19:03,ACC0366,31,+44 23-410-575,P0011,LOC004,Other,0.6368
1475,2022-08-22 11:31:41,2022-08-22 11:33:41,ACC0526,51,+43 95-570-735,P0008,LOC009,Other,0.6394
1476,2022-08-23 00:28:19,2022-08-23 00:54:23,ACC0388,53,+44 45-432-597,P0019,LOC003,Retail,0.9238
1477,2022-08-23 02:11:39,2022-08-23 02:32:28,ACC0174,49,+43 95-218-383,P0011,LOC002,Cross-Industry,0.9762
1478,2022-08-24 04:07:49,2022-08-24 04:32:16,ACC0415,80,+26 72-459-624,P0011,LOC005,Other,0.5348
1479,2022-08-24 15:48:16,2022-08-24 16:12:06,ACC0112,57,+100 33-156-321,P0015,LOC006,Services,0.9688
1480,2022-08-24 18:12:50,2022-08-24 18:21:25,ACC0416,81,+43 73-460-625,P0018,LOC002,Retail,0.5559
1481,2022-08-24 22:13:41,2022-08-24 22:39:02,ACC0231,36,+100 64-275-440,P0017,LOC002,Services,0.1206
1482,2022-08-25 02:02:35,2022-08-25 02:21:43,ACC0280,85,+200 25-324-489,P0001,LOC003,Services,0.2808
1483,2022-08-25 10:46:24,2022-08-25 10:53:14,ACC0484,79,+100 53-528-693,P0009,LOC002,Other,0.7013
1484,2022-08-25 12:07:42,2022-08-25 12:25:56,ACC0313,48,+200 58-357-522,P0019,LOC003,Government,0.1495
1485,2022-08-25 21:24:57,2022-08-25 21:29:56,ACC081,26,+46 90-125-290,P0007,LOC009,Healthcare,0.1168
1486,2022-08-26 05:44:42,2022-08-26 05:46:14,ACC095,40,+34 16-139-304,P0016,LOC009,Healthcare,0.9119
1487,2022-08-26 14:55:45,2022-08-26 15:21:32,ACC0211,16,+100 44-255-420,P0013,LOC004,Other,0.4582
1488,2022-08-26 15:47:20,2022-08-26 16:07:18,ACC048,63,+46 57-92-257,P0003,LOC004,Cross-Industry,0.4891
1489,2022-08-26 16:04:30,2022-08-26 16:14:01,ACC0437,32,+26 94-481-646,P0018,LOC009,Retail,0.0010
1490,2022-08-27 00:52:36,2022-08-27 01:02:35,ACC0324,59,+200 69-368-533,P0007,LOC001,Other,0.8128
1491,2022-08-27 00:52:46,2022-08-27 00:59:05,ACC011,26,+100 20-55-220,P0007,LOC008,Healthcare,0.2092
1492,2022-08-27 06:42:47,2022-08-27 07:05:41,ACC0499,24,+46 68-543-708,P0011,LOC006,Other,0.4001
1493,2022-08-27 18:48:59,2022-08-27 18:59:26,ACC0206,81,+26 39-250-415,P0008,LOC002,Retail,0.6677
1494,2022-08-27 20:45:10,2022-08-27 21:09:47,ACC0494,19,+56 63-538-703,P0004,LOC005,Healthcare,0.7713
1495,2022-08-28 13:33:46,2022-08-28 13:58:46,ACC0266,71,+100 11-310-475,P0004,LOC006,Services,0.9440
1496,2022-08-28 18:18:06,2022-08-28 18:30:31,ACC0517,42,+100 86-561-726,P0007,LOC007,Cross-Industry,0.4942
1497,2022-08-28 18:55:41,2022-08-28 19:00:14,ACC0206,81,+26 39-250-415,P0010,LOC004,Retail,0.1670
1498,2022-08-28 21:05:00,2022-08-28 21:27:38,ACC084,29,+34 93-128-293,P0008,LOC009,Services,0.5940
1499,2022-08-28 23:29:00,2022-08-28 23:36:04,ACC0410,75,+44 67-454-619,P0017,LOC003,Healthcare,0.9617
1500,2022-08-29 05:33:05,2022-08-29 05:43:17,ACC0423,18,+200 80-467-632,P0011,LOC006,Retail,0.0359
1501,2022-08-29 16:10:54,2022-08-29 16:22:32,ACC0280,85,+200 25-324-489,P0006,LOC001,Services,0.5523
1502,2022-08-29 19:07:02,2022-08-29 19:33:04,ACC0256,61,+44 89-300-465,P0004,LOC007,Healthcare,0.3749
1503,2022-08-30 01:37:08,2022-08-30 01:43:50,ACC0324,59,+200 69-368-533,P0017,LOC008,Other,0.2765
1504,2022-08-30 04:59:29,2022-08-30 05:13:52,ACC0338,73,+26 83-382-547,P0002,LOC004,Other,0.7466
1505,2022-08-30 11:50:04,2022-08-30 11:58:02,ACC0583,38,+100 64-627-792,P0001,LOC005,Other,0.2538
1506,2022-08-30 21:01:54,2022-08-30 21:25:49,ACC0212,17,+44 45-256-421,P0016,LOC002,Other,0.3412
1507,2022-08-31 09:48:09,2022-08-31 10:08:16,ACC0206,81,+26 39-250-415,P0003,LOC007,Retail,0.1732
1508,2022-08-31 13:19:07,2022-08-31 13:25:19,ACC0284,19,+43 29-328-493,P0001,LOC006,Healthcare,0.7646
1509,2022-08-31 23:49:41,2022-08-31 23:51:47,ACC0581,36,+43 62-625-790,P0008,LOC009,Services,0.4723
1510,2022-09-01 00:33:23,2022-09-01 00:44:54,ACC0565,20,+46 46-609-774,P0013,LOC004,Government,0.6982
1511,2022-09-02 14:08:40,2022-09-02 14:25:24,ACC042,57,+43 51-86-251,P0014,LOC005,Services,0.8011
1512,2022-09-02 17:23:36,2022-09-02 17:35:45,ACC0247,52,+200 80-291-456,P0015,LOC007,Other,0.3136
1513,2022-09-03 16:05:15,2022-09-03 16:07:48,ACC027,42,+200 36-71-236,P0013,LOC007,Cross-Industry,0.8811
1514,2022-09-03 22:22:35,2022-09-03 22:38:03,ACC0294,29,+26 39-338-503,P0005,LOC005,Services,0.8249
1515,2022-09-04 02:04:59,2022-09-04 02:16:45,ACC0229,34,+43 62-273-438,P0004,LOC005,Government,0.1268
1516,2022-09-04 04:58:29,2022-09-04 05:18:16,ACC0559,84,+43 40-603-768,P0008,LOC001,Cross-Industry,0.0774
1517,2022-09-04 10:18:21,2022-09-04 10:24:21,ACC0567,22,+36 48-611-776,P0011,LOC002,Services,0.4953
1518,2022-09-04 10:26:19,2022-09-04 10:28:33,ACC0391,56,+36 48-435-600,P0013,LOC005,Cross-Industry,0.2859
1519,2022-09-04 12:46:08,2022-09-04 12:46:52,ACC0407,72,+100 64-451-616,P0018,LOC009,Other,0.2536
1520,2022-09-04 14:52:05,2022-09-04 15:08:37,ACC0384,49,+56 41-428-593,P0017,LOC003,Cross-Industry,0.5508
1521,2022-09-05 00:14:28,2022-09-05 00:25:31,ACC092,37,+46 13-136-301,P0012,LOC004,Other,0.4984
1522,2022-09-05 00:38:40,2022-09-05 00:51:04,ACC0510,35,+46 79-554-719,P0002,LOC002,Cross-Industry,0.3954
1523,2022-09-05 08:49:26,2022-09-05 08:49:33,ACC0391,56,+36 48-435-600,P0002,LOC005,Cross-Industry,0.4082
1524,2022-09-06 06:31:10,2022-09-06 06:57:09,ACC028,43,+36 37-72-237,P0012,LOC007,Services,0.0706
1525,2022-09-06 16:17:55,2022-09-06 16:34:24,ACC0318,53,+56 63-362-527,P0009,LOC009,Retail,0.8349
1526,2022-09-06 20:20:25,2022-09-06 20:32:15,ACC0121,66,+100 42-165-330,P0014,LOC005,Other,0.2792
1527,2022-09-06 21:53:41,2022-09-06 21:58:57,ACC0186,61,+56 19-230-395,P0015,LOC009,Healthcare,0.4814
1528,2022-09-08 14:34:27,2022-09-08 14:52:41,ACC088,33,+100 97-132-297,P0002,LOC005,Healthcare,0.5287
1529,2022-09-08 16:09:45,2022-09-08 16:31:45,ACC0490,85,+36 59-534-699,P0001,LOC003,Services,0.2663
1530,2022-09-08 20:45:29,2022-09-08 21:10:36,ACC0285,20,+56 30-329-494,P0001,LOC005,Government,0.1977
1531,2022-09-08 22:27:27,2022-09-08 22:47:03,ACC0199,74,+100 32-243-408,P0014,LOC005,Retail,0.7857
1532,2022-09-09 08:01:52,2022-09-09 08:13:38,ACC0161,36,+34 82-205-370,P0011,LOC005,Services,0.2188
1533,2022-09-09 12:50:46,2022-09-09 13:07:17,ACC0591,46,+26 72-635-800,P0018,LOC009,Retail,0.5465
1534,2022-09-09 20:36:36,2022-09-09 20:41:07,ACC039,54,+36 48-83-248,P0001,LOC002,Healthcare,0.2149
1535,2022-09-10 00:18:32,2022-09-10 00:27:55,ACC0342,77,+100 87-386-551,P0009,LOC009,Cross-Industry,0.6573
1536,2022-09-10 11:59:46,2022-09-10 12:18:09,ACC0566,21,+200 47-610-775,P0006,LOC007,Cross-Industry,0.1163
1537,2022-09-11 22:03:36,2022-09-11 22:09:24,ACC0215,20,+36 48-259-424,P0013,LOC007,Government,0.3915
1538,2022-09-12 01:17:49,2022-09-12 01:34:49,ACC0131,76,+56 52-175-340,P0018,LOC009,Government,0.1671
1539,2022-09-12 04:18:32,2022-09-12 04:28:38,ACC0141,16,+43 62-185-350,P0008,LOC001,Other,0.9615
1540,2022-09-12 05:06:36,2022-09-12 05:09:30,ACC0270,75,+36 15-314-479,P0015,LOC007,Healthcare,0.8488
1541,2022-09-12 21:11:53,2022-09-12 21:17:44,ACC0581,36,+43 62-625-790,P0013,LOC004,Services,0.0213
1542,2022-09-13 13:24:32,2022-09-13 13:36:08,ACC065,80,+56 74-109-274,P0012,LOC005,Other,0.3143
1543,2022-09-13 23:34:16,2022-09-13 23:34:29,ACC0310,45,+100 55-354-519,P0019,LOC001,Other,0.7952
1544,2022-09-14 15:26:31,2022-09-14 15:27:44,ACC027,42,+200 36-71-236,P0005,LOC008,Cross-Industry,0.6210
1545,2022-09-14 20:36:16,2022-09-14 20:50:31,ACC0185,60,+43 18-229-394,P0009,LOC002,Retail,0.8509
1546,2022-09-14 23:13:36,2022-09-14 23:38:36,ACC0165,40,+100 86-209-374,P0012,LOC005,Healthcare,0.3383
1547,2022-09-15 01:16:44,2022-09-15 01:38:22,ACC0324,59,+200 69-368-533,P0009,LOC004,Other,0.1059
1548,2022-09-15 04:13:44,2022-09-15 04:36:18,ACC0364,29,+100 21-408-573,P0018,LOC004,Services,0.4886
1549,2022-09-15 05:33:18,2022-09-15 05:48:34,ACC0514,39,+26 83-558-723,P0005,LOC007,Retail,0.7264
1550,2022-09-15 17:45:06,2022-09-15 18:08:37,ACC0499,24,+46 68-543-708,P0015,LOC008,Other,0.5222
1551,2022-09-16 08:29:14,2022-09-16 08:33:11,ACC0408,73,+100 65-452-617,P0010,LOC003,Other,0.7097
1552,2022-09-16 23:22:20,2022-09-16 23:23:24,ACC0221,26,+100 54-265-430,P0001,LOC002,Healthcare,0.1430
1553,2022-09-17 11:26:24,2022-09-17 11:40:51,ACC031,46,+43 40-75-240,P0007,LOC002,Retail,0.0056
1554,2022-09-18 11:13:41,2022-09-18 11:23:01,ACC0372,37,+43 29-416-581,P0005,LOC009,Other,0.0592
1555,2022-09-18 19:28:45,2022-09-18 19:32:45,ACC0166,41,+100 87-210-375,P0015,LOC007,Government,0.5744
1556,2022-09-19 03:42:25,2022-09-19 03:51:19,ACC058,73,+44 67-102-267,P0001,LOC005,Other,0.5447
1557,2022-09-19 19:44:35,2022-09-19 19:49:29,ACC0114,59,+46 35-158-323,P0018,LOC009,Other,0.8822
1558,2022-09-19 19:56:54,2022-09-19 20:21:40,ACC0184,59,+26 17-228-393,P0003,LOC006,Other,0.3453
1559,2022-09-20 17:11:34,2022-09-20 17:17:33,ACC0272,77,+26 17-316-481,P0016,LOC008,Cross-Industry,0.5466
1560,2022-09-20 19:09:56,2022-09-20 19:28:06,ACC0445,40,+200 14-489-654,P0004,LOC006,Healthcare,0.4398
1561,2022-09-21 00:26:25,2022-09-21 00:47:47,ACC0207,82,+43 40-251-416,P0018,LOC009,Healthcare,0.9807
1562,2022-09-21 02:56:25,2022-09-21 02:57:53,ACC0351,16,+56 96-395-560,P0015,LOC008,Other,0.0620
1563,2022-09-21 13:30:20,2022-09-21 13:42:57,ACC0386,51,+100 43-430-595,P0001,LOC005,Other,0.9289
1564,2022-09-22 04:11:39,2022-09-22 04:29:47,ACC0502,27,+34 71-546-711,P0013,LOC005,Government,0.4648
1565,2022-09-22 04:21:52,2022-09-22 04:36:42,ACC0154,29,+100 75-198-363,P0007,LOC001,Services,0.6187
1566,2022-09-22 11:56:15,2022-09-22 12:20:04,ACC0217,22,+26 50-261-426,P0012,LOC005,Services,0.5315
1567,2022-09-22 13:02:04,2022-09-22 13:25:29,ACC051,66,+34 60-95-260,P0015,LOC007,Other,0.9944
1568,2022-09-22 22:53:22,2022-09-22 23:18:42,ACC0449,44,+43 18-493-658,P0018,LOC004,Other,0.2986
1569,2022-09-23 05:30:52,2022-09-23 05:40:59,ACC0113,58,+44 34-157-322,P0013,LOC004,Other,0.3155
1570,2022-09-23 08:48:58,2022-09-23 08:57:10,ACC0429,24,+100 86-473-638,P0007,LOC002,Other,0.4083
1571,2022-09-23 19:09:21,2022-09-23 19:13:51,ACC0147,22,+46 68-191-356,P0019,LOC003,Services,0.0831
1572,2022-09-24 02:09:44,2022-09-24 02:17:58,ACC0364,29,+100 21-408-573,P0010,LOC003,Services,0.4632
1573,2022-09-24 17:59:02,2022-09-24 18:21:48,ACC047,62,+44 56-91-256,P0004,LOC006,Government,0.5332
1574,2022-09-25 14:50:15,2022-09-25 14:55:28,ACC047,62,+44 56-91-256,P0005,LOC009,Government,0.1413
1575,2022-09-26 06:06:03,2022-09-26 06:25:35,ACC0247,52,+200 80-291-456,P0002,LOC005,Other,0.3087
1576,2022-09-26 13:30:00,2022-09-26 13:49:35,ACC0378,43,+46 35-422-587,P0012,LOC005,Services,0.5026
1577,2022-09-27 00:06:30,2022-09-27 00:13:22,ACC0523,48,+36 92-567-732,P0010,LOC002,Government,0.9540
1578,2022-09-27 11:08:05,2022-09-27 11:10:31,ACC0170,45,+200 91-214-379,P0013,LOC008,Other,0.0954
1579,2022-09-27 19:24:54,2022-09-27 19:35:12,ACC082,27,+200 91-126-291,P0006,LOC008,Government,0.0248
1580,2022-09-28 00:34:25,2022-09-28 00:57:00,ACC0479,74,+36 48-523-688,P0015,LOC001,Retail,0.5816
1581,2022-09-28 02:39:40,2022-09-28 02:42:32,ACC015,30,+46 24-59-224,P0005,LOC007,Other,0.4655
1582,2022-09-29 03:46:50,2022-09-29 04:05:51,ACC0485,80,+100 54-529-694,P0012,LOC006,Other,0.0715
1583,2022-09-29 10:09:20,2022-09-29 10:11:35,ACC0122,67,+100 43-166-331,P0007,LOC001,Retail,0.7552
1584,2022-09-29 12:39:19,2022-09-29 12:45:42,ACC0451,46,+100 20-495-660,P0002,LOC006,Retail,0.8010
1585,2022-09-30 00:10:15,2022-09-30 00:14:25,ACC0320,55,+100 65-364-529,P0017,LOC009,Government,0.0396
1586,2022-10-01 13:26:51,2022-10-01 13:29:48,ACC0134,79,+100 55-178-343,P0004,LOC005,Other,0.8336
1587,2022-10-01 16:41:23,2022-10-01 16:44:13,ACC0569,24,+26 50-613-778,P0015,LOC008,Other,0.0950
1588,2022-10-01 23:20:06,2022-10-01 23:20:25,ACC0252,57,+56 85-296-461,P0013,LOC005,Services,0.3284
1589,2022-10-02 15:33:55,2022-10-02 15:57:54,ACC0290,25,+46 35-334-499,P0015,LOC001,Retail,0.1144
1590,2022-10-02 21:28:22,2022-10-02 21:44:04,ACC0405,70,+43 62-449-614,P0006,LOC008,Cross-Industry,0.1325
1591,2022-10-02 22:34:53,2022-10-02 22:42:41,ACC0178,53,+100 11-222-387,P0003,LOC004,Retail,0.3437
1592,2022-10-03 05:02:31,2022-10-03 05:10:13,ACC0571,26,+56 52-615-780,P0005,LOC005,Healthcare,0.5191
1593,2022-10-03 12:58:47,2022-10-03 13:17:45,ACC0545,70,+36 26-589-754,P0002,LOC005,Cross-Industry,0.7223
1594,2022-10-04 04:41:46,2022-10-04 05:04:51,ACC089,34,+100 10-133-298,P0003,LOC003,Government,0.2076
1595,2022-10-04 17:21:43,2022-10-04 17:35:01,ACC0326,61,+34 71-370-535,P0005,LOC008,Healthcare,0.0793
1596,2022-10-06 15:07:55,2022-10-06 15:16:39,ACC0356,21,+46 13-400-565,P0013,LOC006,Cross-Industry,0.1169
1597,2022-10-06 22:44:16,2022-10-06 22:59:25,ACC0256,61,+44 89-300-465,P0016,LOC002,Healthcare,0.0397
1598,2022-10-07 01:50:42,2022-10-07 01:59:03,ACC0391,56,+36 48-435-600,P0019,LOC001,Cross-Industry,0.5677
1599,2022-10-07 02:37:55,2022-10-07 03:03:34,ACC0235,40,+46 68-279-444,P0008,LOC002,Healthcare,0.8406
1600,2022-10-07 13:50:15,2022-10-07 13:59:23,ACC0309,44,+100 54-353-518,P0014,LOC006,Other,0.2168
1601,2022-10-07 17:20:28,2022-10-07 17:23:50,ACC0114,59,+46 35-158-323,P0002,LOC007,Other,0.3217
1602,2022-10-07 22:36:34,2022-10-07 22:47:19,ACC0283,18,+26 28-327-492,P0018,LOC002,Retail,0.6155
1603,2022-10-07 22:37:52,2022-10-07 22:54:55,ACC0293,28,+34 38-337-502,P0004,LOC004,Cross-Industry,0.9434
1604,2022-10-08 05:30:34,2022-10-08 05:54:10,ACC01,16,+100 10-45-210,P0005,LOC007,Other,0.0152
1605,2022-10-08 09:42:33,2022-10-08 10:04:44,ACC0521,46,+46 90-565-730,P0014,LOC009,Retail,0.0385
1606,2022-10-08 12:54:07,2022-10-08 12:58:40,ACC093,38,+200 14-137-302,P0001,LOC003,Other,0.8583
1607,2022-10-08 17:53:24,2022-10-08 18:01:46,ACC0201,76,+44 34-245-410,P0017,LOC003,Government,0.8579
1608,2022-10-08 19:54:31,2022-10-08 19:57:06,ACC099,44,+100 20-143-308,P0009,LOC002,Other,0.4685
1609,2022-10-09 10:55:29,2022-10-09 11:01:19,ACC0252,57,+56 85-296-461,P0009,LOC004,Services,0.5062
1610,2022-10-09 12:49:48,2022-10-09 12:57:11,ACC0519,44,+100 88-563-728,P0001,LOC005,Other,0.9369
1611,2022-10-09 16:08:19,2022-10-09 16:16:59,ACC0259,64,+36 92-303-468,P0004,LOC006,Services,0.8715
1612,2022-10-10 21:32:44,2022-10-10 21:52:53,ACC0348,83,+34 93-392-557,P0014,LOC009,Government,0.4489
1613,2022-10-12 08:55:38,2022-10-12 09:08:54,ACC0480,75,+34 49-524-689,P0019,LOC005,Healthcare,0.6557
1614,2022-10-12 20:40:36,2022-10-12 21:06:17,ACC0385,50,+100 42-429-594,P0007,LOC009,Services,0.9013
1615,2022-10-13 05:59:50,2022-10-13 06:18:18,ACC0382,47,+26 39-426-591,P0019,LOC003,Healthcare,0.4520
1616,2022-10-13 09:35:01,2022-10-13 09:39:20,ACC0548,73,+43 29-592-757,P0017,LOC003,Other,0.6375
1617,2022-10-13 10:09:16,2022-10-13 10:24:35,ACC0293,28,+34 38-337-502,P0013,LOC007,Cross-Industry,0.8415
1618,2022-10-13 13:43:53,2022-10-13 14:09:17,ACC084,29,+34 93-128-293,P0013,LOC005,Services,0.9779
1619,2022-10-13 18:05:54,2022-10-13 18:06:00,ACC0378,43,+46 35-422-587,P0017,LOC002,Services,0.9669
1620,2022-10-13 19:04:55,2022-10-13 19:06:31,ACC095,40,+34 16-139-304,P0004,LOC004,Healthcare,0.0452
1621,2022-10-14 02:41:47,2022-10-14 02:50:26,ACC0548,73,+43 29-592-757,P0004,LOC006,Other,0.3420
1622,2022-10-14 10:58:39,2022-10-14 11:16:19,ACC0427,22,+43 84-471-636,P0010,LOC004,Services,0.6110
1623,2022-10-14 18:45:20,2022-10-14 18:58:54,ACC0361,26,+43 18-405-570,P0010,LOC002,Healthcare,0.2226
1624,2022-10-15 10:07:36,2022-10-15 10:23:03,ACC0544,69,+200 25-588-753,P0001,LOC006,Government,0.1396
1625,2022-10-15 12:28:37,2022-10-15 12:45:14,ACC0571,26,+56 52-615-780,P0011,LOC002,Healthcare,0.4552
1626,2022-10-15 16:59:06,2022-10-15 17:02:15,ACC0107,52,+26 28-151-316,P0005,LOC005,Other,0.9501
1627,2022-10-15 17:02:28,2022-10-15 17:05:50,ACC077,22,+100 86-121-286,P0001,LOC006,Services,0.7369
1628,2022-10-16 05:11:04,2022-10-16 05:29:46,ACC03,18,+44 12-47-212,P0008,LOC003,Retail,0.0883
1629,2022-10-16 08:11:00,2022-10-16 08:16:27,ACC0423,18,+200 80-467-632,P0017,LOC009,Retail,0.6615
1630,2022-10-16 08:45:47,2022-10-16 09:01:07,ACC0257,62,+46 90-301-466,P0003,LOC007,Government,0.7567
1631,2022-10-16 19:26:26,2022-10-16 19:50:16,ACC084,29,+34 93-128-293,P0001,LOC004,Services,0.2894
1632,2022-10-16 20:43:12,2022-10-16 20:59:27,ACC094,39,+36 15-138-303,P0017,LOC002,Retail,0.1253
1633,2022-10-16 22:16:35,2022-10-16 22:41:45,ACC0533,58,+200 14-577-742,P0013,LOC004,Other,0.9647
1634,2022-10-16 23:05:04,2022-10-16 23:05:18,ACC0242,47,+100 75-286-451,P0001,LOC003,Healthcare,0.3901
1635,2022-10-18 01:36:30,2022-10-18 01:56:43,ACC0323,58,+46 68-367-532,P0012,LOC003,Other,0.0959
1636,2022-10-18 05:46:50,2022-10-18 05:54:06,ACC0409,74,+100 66-453-618,P0007,LOC007,Retail,0.2301
1637,2022-10-18 10:17:42,2022-10-18 10:33:21,ACC0360,25,+26 17-404-569,P0011,LOC002,Retail,0.3749
1638,2022-10-18 19:30:20,2022-10-18 19:36:05,ACC0163,38,+43 84-207-372,P0010,LOC005,Other,0.1745
1639,2022-10-19 04:47:47,2022-10-19 05:07:29,ACC0324,59,+200 69-368-533,P0012,LOC006,Other,0.1945
1640,2022-10-19 07:13:34,2022-10-19 07:16:44,ACC0105,50,+36 26-149-314,P0007,LOC002,Services,0.5434
1641,2022-10-20 12:18:30,2022-10-20 12:18:51,ACC0361,26,+43 18-405-570,P0004,LOC007,Healthcare,0.1243
1642,2022-10-20 15:04:14,2022-10-20 15:14:36,ACC0493,18,+43 62-537-702,P0018,LOC002,Retail,0.7609
1643,2022-10-20 18:17:24,2022-10-20 18:31:41,ACC0265,70,+100 10-309-474,P0015,LOC008,Cross-Industry,0.9505
1644,2022-10-20 20:56:38,2022-10-20 21:22:34,ACC0503,28,+26 72-547-712,P0004,LOC007,Cross-Industry,0.7051
1645,2022-10-20 22:36:51,2022-10-20 22:45:33,ACC0373,38,+56 30-417-582,P0015,LOC001,Other,0.5118
1646,2022-10-20 23:02:45,2022-10-20 23:06:33,ACC0431,26,+100 88-475-640,P0014,LOC009,Healthcare,0.1483
1647,2022-10-20 23:52:49,2022-10-20 23:55:49,ACC0481,76,+26 50-525-690,P0002,LOC004,Government,0.9810
1648,2022-10-21 04:04:31,2022-10-21 04:05:35,ACC0358,23,+36 15-402-567,P0002,LOC004,Other,0.9234
1649,2022-10-21 07:38:43,2022-10-21 07:45:48,ACC0586,41,+44 67-630-795,P0016,LOC007,Government,0.2001
1650,2022-10-21 08:14:47,2022-10-21 08:25:17,ACC0460,55,+43 29-504-669,P0015,LOC009,Government,0.8854
1651,2022-10-21 13:00:55,2022-10-21 13:03:40,ACC0359,24,+34 16-403-568,P0009,LOC004,Other,0.4697
1652,2022-10-22 09:19:00,2022-10-22 09:33:47,ACC0485,80,+100 54-529-694,P0010,LOC005,Other,0.5702
1653,2022-10-22 23:16:56,2022-10-22 23:29:53,ACC0202,77,+46 35-246-411,P0014,LOC007,Cross-Industry,0.6690
1654,2022-10-23 02:05:25,2022-10-23 02:20:02,ACC0414,79,+34 71-458-623,P0017,LOC002,Other,0.5294
1655,2022-10-23 14:16:51,2022-10-23 14:35:27,ACC022,37,+100 31-66-231,P0003,LOC008,Other,0.2994
1656,2022-10-24 00:43:05,2022-10-24 01:08:32,ACC0212,17,+44 45-256-421,P0016,LOC008,Other,0.7775
1657,2022-10-24 21:21:07,2022-10-24 21:27:58,ACC0295,30,+43 40-339-504,P0003,LOC003,Other,0.0616
1658,2022-10-25 02:46:56,2022-10-25 02:51:47,ACC0137,82,+200 58-181-346,P0019,LOC001,Healthcare,0.4561
1659,2022-10-25 06:33:54,2022-10-25 06:35:14,ACC0503,28,+26 72-547-712,P0009,LOC004,Cross-Industry,0.0181
1660,2022-10-26 03:31:07,2022-10-26 03:56:00,ACC0570,25,+43 51-614-779,P0005,LOC009,Retail,0.6038
1661,2022-10-26 09:10:24,2022-10-26 09:14:35,ACC078,23,+100 87-122-287,P0016,LOC008,Other,0.1549
1662,2022-10-26 13:47:13,2022-10-26 13:56:15,ACC0312,47,+46 57-356-521,P0002,LOC007,Healthcare,0.7090
1663,2022-10-26 14:44:14,2022-10-26 14:59:05,ACC081,26,+46 90-125-290,P0019,LOC004,Healthcare,0.8763
1664,2022-10-26 14:46:24,2022-10-26 14:53:07,ACC0146,21,+44 67-190-355,P0009,LOC004,Cross-Industry,0.8947
1665,2022-10-27 07:07:22,2022-10-27 07:12:00,ACC0137,82,+200 58-181-346,P0011,LOC003,Healthcare,0.1386
1666,2022-10-27 11:33:40,2022-10-27 11:58:03,ACC0381,46,+34 38-425-590,P0011,LOC002,Retail,0.0906
1667,2022-10-27 15:44:58,2022-10-27 16:03:41,ACC05,20,+200 14-49-214,P0005,LOC005,Government,0.6479
1668,2022-10-27 16:10:46,2022-10-27 16:17:50,ACC0495,20,+100 64-539-704,P0006,LOC002,Government,0.1312
1669,2022-10-27 17:22:13,2022-10-27 17:34:41,ACC0114,59,+46 35-158-323,P0016,LOC008,Other,0.1392
1670,2022-10-28 05:01:57,2022-10-28 05:08:06,ACC0396,61,+100 53-440-605,P0013,LOC007,Healthcare,0.2932
1671,2022-10-28 09:34:52,2022-10-28 09:45:57,ACC0143,18,+100 64-187-352,P0001,LOC005,Retail,0.6828
1672,2022-10-28 12:43:50,2022-10-28 12:59:55,ACC0266,71,+100 11-310-475,P0012,LOC007,Services,0.6872
1673,2022-10-28 13:32:58,2022-10-28 13:39:01,ACC026,41,+46 35-70-235,P0002,LOC002,Government,0.9403
1674,2022-10-28 17:37:36,2022-10-28 17:54:12,ACC0464,59,+100 33-508-673,P0012,LOC004,Other,0.1918
1675,2022-10-29 04:58:14,2022-10-29 05:23:30,ACC0470,65,+26 39-514-679,P0017,LOC008,Other,0.6835
1676,2022-10-29 08:08:23,2022-10-29 08:31:57,ACC021,36,+56 30-65-230,P0019,LOC005,Services,0.0190
1677,2022-10-29 20:53:02,2022-10-29 21:13:29,ACC049,64,+200 58-93-258,P0001,LOC004,Services,0.3509
1678,2022-10-30 02:27:17,2022-10-30 02:30:34,ACC0438,33,+43 95-482-647,P0009,LOC003,Healthcare,0.9516
1679,2022-10-31 03:29:42,2022-10-31 03:51:27,ACC0291,26,+200 36-335-500,P0004,LOC006,Healthcare,0.0521
1680,2022-11-01 12:04:48,2022-11-01 12:25:11,ACC0119,64,+43 40-163-328,P0019,LOC003,Services,0.9701
1681,2022-11-02 02:07:52,2022-11-02 02:26:48,ACC0372,37,+43 29-416-581,P0018,LOC009,Other,0.3792
1682,2022-11-02 06:44:53,2022-11-02 07:06:39,ACC0164,39,+56 85-208-373,P0011,LOC006,Retail,0.5199
1683,2022-11-02 15:05:18,2022-11-02 15:29:43,ACC0211,16,+100 44-255-420,P0011,LOC004,Other,0.8379
1684,2022-11-02 19:03:16,2022-11-02 19:10:48,ACC0437,32,+26 94-481-646,P0006,LOC007,Retail,0.1933
1685,2022-11-03 21:35:33,2022-11-03 22:00:48,ACC0496,21,+100 65-540-705,P0007,LOC002,Cross-Industry,0.9314
1686,2022-11-04 16:57:06,2022-11-04 17:18:37,ACC0190,65,+44 23-234-399,P0014,LOC009,Other,0.1831
1687,2022-11-05 00:14:49,2022-11-05 00:16:59,ACC0537,62,+43 18-581-746,P0006,LOC006,Government,0.6077
1688,2022-11-05 11:19:16,2022-11-05 11:40:48,ACC0306,41,+43 51-350-515,P0007,LOC009,Government,0.9069
1689,2022-11-06 01:39:31,2022-11-06 01:40:02,ACC0159,34,+200 80-203-368,P0003,LOC003,Government,0.1240
1690,2022-11-06 17:02:39,2022-11-06 17:19:20,ACC0535,60,+34 16-579-744,P0013,LOC006,Retail,0.1650
1691,2022-11-07 12:39:47,2022-11-07 12:44:57,ACC0588,43,+200 69-632-797,P0010,LOC001,Services,0.0552
1692,2022-11-07 19:14:46,2022-11-07 19:22:57,ACC0176,51,+100 97-220-385,P0013,LOC005,Other,0.8451
1693,2022-11-07 20:45:05,2022-11-07 21:11:01,ACC0219,24,+56 52-263-428,P0004,LOC005,Other,0.5968
1694,2022-11-08 03:45:23,2022-11-08 03:45:35,ACC0348,83,+34 93-392-557,P0003,LOC003,Government,0.5670
1695,2022-11-08 09:58:42,2022-11-08 10:01:39,ACC0478,73,+200 47-522-687,P0013,LOC005,Other,1.0000
1696,2022-11-08 21:59:02,2022-11-08 22:21:42,ACC0483,78,+56 52-527-692,P0010,LOC005,Services,0.9464
1697,2022-11-09 08:59:16,2022-11-09 09:12:26,ACC096,41,+26 17-140-305,P0010,LOC001,Government,0.8238
1698,2022-11-10 22:37:42,2022-11-10 22:46:02,ACC0230,35,+56 63-274-439,P0002,LOC004,Cross-Industry,0.2490
1699,2022-11-11 02:07:26,2022-11-11 02:16:05,ACC0410,75,+44 67-454-619,P0017,LOC009,Healthcare,0.3767
1700,2022-11-11 20:32:11,2022-11-11 20:40:33,ACC0259,64,+36 92-303-468,P0004,LOC005,Services,0.1577
1701,2022-11-11 20:56:56,2022-11-11 21:05:59,ACC02,17,+100 11-46-211,P0012,LOC007,Other,0.9883
1702,2022-11-12 11:38:39,2022-11-12 11:43:22,ACC0536,61,+26 17-580-745,P0017,LOC008,Healthcare,0.3334
1703,2022-11-13 09:01:41,2022-11-13 09:08:32,ACC0366,31,+44 23-410-575,P0010,LOC005,Other,0.3571
1704,2022-11-13 17:39:32,2022-11-13 17:51:57,ACC0526,51,+43 95-570-735,P0003,LOC003,Other,0.0193
1705,2022-11-13 20:08:20,2022-11-13 20:28:24,ACC0179,54,+44 12-223-388,P0016,LOC008,Healthcare,0.6616
1706,2022-11-14 11:02:18,2022-11-14 11:04:27,ACC0455,50,+46 24-499-664,P0014,LOC007,Services,0.4267
1707,2022-11-15 00:52:33,2022-11-15 01:07:17,ACC0235,40,+46 68-279-444,P0005,LOC005,Healthcare,0.7870
1708,2022-11-15 10:43:57,2022-11-15 11:10:04,ACC0522,47,+200 91-566-731,P0005,LOC008,Healthcare,0.5873
1709,2022-11-15 21:36:35,2022-11-15 21:43:29,ACC0430,25,+100 87-474-639,P0019,LOC003,Retail,0.3482
1710,2022-11-16 02:09:00,2022-11-16 02:12:34,ACC0100,45,+100 21-144-309,P0009,LOC003,Other,0.2027
1711,2022-11-16 10:36:42,2022-11-16 10:38:20,ACC0113,58,+44 34-157-322,P0013,LOC006,Other,0.3231
1712,2022-11-16 11:20:57,2022-11-16 11:25:44,ACC0254,59,+100 87-298-463,P0008,LOC001,Other,0.3968
1713,2022-11-16 12:11:58,2022-11-16 12:37:01,ACC0286,21,+100 31-330-495,P0007,LOC002,Cross-Industry,0.9594
1714,2022-11-16 15:55:53,2022-11-16 15:59:24,ACC0400,65,+46 57-444-609,P0013,LOC005,Other,0.3948
1715,2022-11-17 13:46:33,2022-11-17 13:51:55,ACC0334,69,+46 79-378-543,P0003,LOC008,Government,0.4770
1716,2022-11-17 17:15:57,2022-11-17 17:30:10,ACC0239,44,+26 72-283-448,P0002,LOC003,Other,0.0120
1717,2022-11-17 22:28:14,2022-11-17 22:49:19,ACC0239,44,+26 72-283-448,P0006,LOC006,Other,0.3485
1718,2022-11-18 08:38:11,2022-11-18 08:58:04,ACC0131,76,+56 52-175-340,P0016,LOC007,Government,0.2863
1719,2022-11-19 22:05:35,2022-11-19 22:17:59,ACC0165,40,+100 86-209-374,P0012,LOC003,Healthcare,0.5283
1720,2022-11-22 16:31:13,2022-11-22 16:47:40,ACC0454,49,+44 23-498-663,P0016,LOC007,Cross-Industry,0.8735
1721,2022-11-22 19:17:13,2022-11-22 19:26:45,ACC089,34,+100 10-133-298,P0013,LOC007,Government,0.9659
1722,2022-11-23 06:33:53,2022-11-23 06:42:06,ACC0584,39,+100 65-628-793,P0002,LOC002,Retail,0.6851
1723,2022-11-23 12:08:32,2022-11-23 12:14:05,ACC0569,24,+26 50-613-778,P0009,LOC002,Other,0.4895
1724,2022-11-23 12:21:58,2022-11-23 12:25:20,ACC067,82,+100 76-111-276,P0007,LOC001,Healthcare,0.3577
1725,2022-11-23 14:52:22,2022-11-23 14:58:21,ACC0341,76,+100 86-385-550,P0011,LOC003,Government,0.6421
1726,2022-11-23 23:33:13,2022-11-23 23:41:40,ACC0555,80,+200 36-599-764,P0004,LOC004,Other,0.8852
1727,2022-11-24 00:00:19,2022-11-24 00:12:11,ACC0102,47,+44 23-146-311,P0002,LOC007,Healthcare,0.8376
1728,2022-11-24 00:40:31,2022-11-24 00:58:52,ACC020,35,+43 29-64-229,P0014,LOC005,Cross-Industry,0.5631
1729,2022-11-24 07:00:08,2022-11-24 07:25:03,ACC0184,59,+26 17-228-393,P0005,LOC008,Other,0.1238
1730,2022-11-24 10:41:46,2022-11-24 11:02:15,ACC0549,74,+56 30-593-758,P0009,LOC004,Retail,0.4928
1731,2022-11-24 15:58:45,2022-11-24 16:13:28,ACC0521,46,+46 90-565-730,P0005,LOC005,Retail,0.9551
1732,2022-11-24 20:39:56,2022-11-24 20:50:23,ACC0438,33,+43 95-482-647,P0016,LOC007,Healthcare,0.1740
1733,2022-11-24 23:35:01,2022-11-24 23:49:12,ACC0480,75,+34 49-524-689,P0010,LOC005,Healthcare,0.5926
1734,2022-11-25 09:55:59,2022-11-25 10:12:58,ACC0203,78,+200 36-247-412,P0016,LOC001,Services,0.2096
1735,2022-11-26 02:36:55,2022-11-26 02:41:44,ACC0440,35,+100 97-484-649,P0009,LOC002,Cross-Industry,0.5174
1736,2022-11-26 19:58:00,2022-11-26 20:11:59,ACC0299,34,+100 44-343-508,P0006,LOC001,Government,0.0408
1737,2022-11-26 22:37:18,2022-11-26 23:02:04,ACC0420,85,+100 77-464-629,P0011,LOC002,Services,0.4004
1738,2022-11-27 11:05:56,2022-11-27 11:09:51,ACC0387,52,+100 44-431-596,P0002,LOC006,Other,0.6150
1739,2022-11-28 01:59:46,2022-11-28 01:59:56,ACC0215,20,+36 48-259-424,P0017,LOC008,Government,0.8873
1740,2022-11-28 06:30:46,2022-11-28 06:39:27,ACC0241,46,+56 74-285-450,P0007,LOC009,Retail,0.8485
1741,2022-11-28 13:00:49,2022-11-28 13:21:20,ACC0574,29,+100 55-618-783,P0017,LOC009,Services,0.3202
1742,2022-11-28 13:25:33,2022-11-28 13:26:46,ACC0170,45,+200 91-214-379,P0002,LOC002,Other,0.8975
1743,2022-11-28 22:33:05,2022-11-28 22:33:25,ACC084,29,+34 93-128-293,P0005,LOC001,Services,0.6872
1744,2022-11-30 22:32:47,2022-11-30 22:55:19,ACC051,66,+34 60-95-260,P0001,LOC002,Other,0.9991
1745,2022-12-01 02:51:12,2022-12-01 02:56:04,ACC0138,83,+36 59-182-347,P0012,LOC004,Government,0.9988
1746,2022-12-01 04:41:51,2022-12-01 04:48:00,ACC0418,83,+100 75-462-627,P0013,LOC008,Government,0.4306
1747,2022-12-01 12:48:28,2022-12-01 12:49:54,ACC0427,22,+43 84-471-636,P0003,LOC007,Services,0.4989
1748,2022-12-02 02:35:37,2022-12-02 02:36:13,ACC0561,16,+100 42-605-770,P0019,LOC001,Other,0.7199
1749,2022-12-02 13:30:35,2022-12-02 13:41:05,ACC0322,57,+44 67-366-531,P0007,LOC001,Services,0.2384
1750,2022-12-02 18:25:42,2022-12-02 18:28:30,ACC0201,76,+44 34-245-410,P0004,LOC004,Government,0.7907
1751,2022-12-03 02:08:15,2022-12-03 02:28:41,ACC0295,30,+43 40-339-504,P0009,LOC003,Other,0.5685
1752,2022-12-03 06:05:41,2022-12-03 06:26:44,ACC0109,54,+56 30-153-318,P0016,LOC002,Healthcare,0.2866
1753,2022-12-03 10:45:00,2022-12-03 10:50:30,ACC0494,19,+56 63-538-703,P0014,LOC008,Healthcare,0.0721
1754,2022-12-03 12:06:41,2022-12-03 12:18:52,ACC06,21,+36 15-50-215,P0013,LOC005,Cross-Industry,0.7858
1755,2022-12-04 04:14:01,2022-12-04 04:16:44,ACC020,35,+43 29-64-229,P0007,LOC001,Cross-Industry,0.0462
1756,2022-12-04 15:52:16,2022-12-04 16:09:29,ACC056,71,+100 65-100-265,P0005,LOC006,Services,0.9365
1757,2022-12-04 19:38:22,2022-12-04 20:02:03,ACC025,40,+44 34-69-234,P0003,LOC007,Healthcare,0.5163
1758,2022-12-05 00:47:10,2022-12-05 00:55:47,ACC0538,63,+56 19-582-747,P0013,LOC008,Cross-Industry,0.0131
1759,2022-12-05 02:30:37,2022-12-05 02:37:05,ACC0429,24,+100 86-473-638,P0005,LOC005,Other,0.7042
1760,2022-12-05 08:34:40,2022-12-05 08:36:10,ACC03,18,+44 12-47-212,P0014,LOC008,Retail,0.6404
1761,2022-12-06 20:45:03,2022-12-06 20:54:49,ACC0219,24,+56 52-263-428,P0002,LOC005,Other,0.7321
1762,2022-12-06 21:48:57,2022-12-06 21:55:03,ACC0540,65,+100 21-584-749,P0009,LOC001,Other,0.9788
1763,2022-12-07 00:40:36,2022-12-07 00:49:26,ACC0191,66,+46 24-235-400,P0012,LOC007,Other,0.0349
1764,2022-12-07 07:51:03,2022-12-07 07:59:59,ACC0586,41,+44 67-630-795,P0012,LOC005,Government,0.2991
1765,2022-12-09 14:26:08,2022-12-09 14:35:14,ACC0363,28,+100 20-407-572,P0003,LOC005,Cross-Industry,0.2423
1766,2022-12-09 14:57:01,2022-12-09 15:22:06,ACC0426,21,+26 83-470-635,P0019,LOC002,Cross-Industry,0.1353
1767,2022-12-09 15:32:14,2022-12-09 15:49:21,ACC0127,72,+36 48-171-336,P0010,LOC003,Other,0.8775
1768,2022-12-09 17:15:59,2022-12-09 17:27:14,ACC0408,73,+100 65-452-617,P0005,LOC009,Other,0.6292
1769,2022-12-09 23:03:28,2022-12-09 23:19:53,ACC089,34,+100 10-133-298,P0011,LOC005,Government,0.8206
1770,2022-12-10 13:51:32,2022-12-10 13:53:20,ACC0237,42,+36 70-281-446,P0010,LOC004,Cross-Industry,0.8391
1771,2022-12-11 03:02:07,2022-12-11 03:06:12,ACC0185,60,+43 18-229-394,P0014,LOC008,Retail,0.1516
1772,2022-12-12 09:04:34,2022-12-12 09:29:53,ACC0418,83,+100 75-462-627,P0005,LOC007,Government,0.6911
1773,2022-12-12 14:44:02,2022-12-12 14:47:51,ACC0521,46,+46 90-565-730,P0006,LOC006,Retail,0.3757
1774,2022-12-12 14:47:48,2022-12-12 14:53:31,ACC0279,84,+46 24-323-488,P0011,LOC003,Cross-Industry,0.8365
1775,2022-12-12 22:33:58,2022-12-12 22:50:25,ACC075,20,+43 84-119-284,P0013,LOC006,Government,0.4885
1776,2022-12-12 22:37:52,2022-12-12 22:42:00,ACC0122,67,+100 43-166-331,P0016,LOC008,Retail,0.2649
1777,2022-12-13 04:23:35,2022-12-13 04:32:25,ACC0363,28,+100 20-407-572,P0016,LOC007,Cross-Industry,0.8313
1778,2022-12-13 09:02:16,2022-12-13 09:26:16,ACC0160,35,+36 81-204-369,P0011,LOC003,Cross-Industry,0.4612
1779,2022-12-13 15:24:53,2022-12-13 15:43:23,ACC0476,71,+44 45-520-685,P0015,LOC008,Services,0.8552
1780,2022-12-13 20:51:37,2022-12-13 21:03:45,ACC0547,72,+26 28-591-756,P0004,LOC007,Other,0.9928
1781,2022-12-14 20:55:52,2022-12-14 20:57:35,ACC0328,63,+43 73-372-537,P0018,LOC001,Cross-Industry,0.6930
1782,2022-12-15 21:59:06,2022-12-15 22:09:05,ACC0486,81,+100 55-530-695,P0009,LOC001,Retail,0.8493
1783,2022-12-16 04:34:00,2022-12-16 04:54:05,ACC0507,32,+100 76-551-716,P0009,LOC004,Retail,0.1316
1784,2022-12-16 08:18:38,2022-12-16 08:22:43,ACC0104,49,+200 25-148-313,P0011,LOC003,Cross-Industry,0.9796
1785,2022-12-16 10:45:56,2022-12-16 11:05:00,ACC0571,26,+56 52-615-780,P0010,LOC002,Healthcare,0.7781
1786,2022-12-16 17:35:25,2022-12-16 18:01:07,ACC0461,56,+56 30-505-670,P0016,LOC008,Cross-Industry,0.3785
1787,2022-12-17 00:42:27,2022-12-17 00:51:12,ACC0577,32,+200 58-621-786,P0017,LOC009,Retail,0.6752
1788,2022-12-17 10:21:56,2022-12-17 10:28:04,ACC0120,65,+56 41-164-329,P0012,LOC005,Other,0.9457
1789,2022-12-17 20:53:50,2022-12-17 21:03:39,ACC0291,26,+200 36-335-500,P0002,LOC002,Healthcare,0.4332
1790,2022-12-18 13:14:18,2022-12-18 13:33:40,ACC0538,63,+56 19-582-747,P0014,LOC009,Cross-Industry,0.1155
1791,2022-12-19 00:21:40,2022-12-19 00:36:15,ACC0354,19,+100 11-398-563,P0008,LOC003,Healthcare,0.6474
1792,2022-12-19 03:56:32,2022-12-19 04:15:40,ACC0349,84,+26 94-393-558,P0006,LOC006,Cross-Industry,0.9217
1793,2022-12-19 07:57:48,2022-12-19 08:03:07,ACC0211,16,+100 44-255-420,P0004,LOC006,Other,0.6672
1794,2022-12-20 23:05:02,2022-12-20 23:07:30,ACC0503,28,+26 72-547-712,P0011,LOC005,Cross-Industry,0.3833
1795,2022-12-21 17:35:04,2022-12-21 17:55:47,ACC0502,27,+34 71-546-711,P0002,LOC002,Government,0.3944
1796,2022-12-21 22:03:35,2022-12-21 22:03:54,ACC0451,46,+100 20-495-660,P0004,LOC006,Retail,0.0344
1797,2022-12-22 19:24:04,2022-12-22 19:34:31,ACC0221,26,+100 54-265-430,P0008,LOC009,Healthcare,0.8144
1798,2022-12-23 00:54:29,2022-12-23 01:10:06,ACC032,47,+56 41-76-241,P0019,LOC004,Healthcare,0.8239
1799,2022-12-23 15:02:10,2022-12-23 15:11:13,ACC0393,58,+26 50-437-602,P0007,LOC009,Other,0.0873
1800,2022-12-23 18:43:45,2022-12-23 18:44:07,ACC0370,35,+34 27-414-579,P0009,LOC002,Cross-Industry,0.3946
1801,2022-12-23 20:52:29,2022-12-23 20:59:02,ACC0323,58,+46 68-367-532,P0008,LOC001,Other,0.7778
1802,2022-12-24 00:34:35,2022-12-24 00:42:31,ACC0575,30,+44 56-619-784,P0018,LOC004,Other,0.8807
1803,2022-12-25 14:49:32,2022-12-25 14:55:48,ACC0374,39,+100 31-418-583,P0004,LOC009,Retail,0.6943
1804,2022-12-25 20:16:10,2022-12-25 20:21:08,ACC0203,78,+200 36-247-412,P0009,LOC003,Services,0.7699
1805,2022-12-26 08:35:17,2022-12-26 08:41:20,ACC0581,36,+43 62-625-790,P0002,LOC004,Services,0.7537
1806,2022-12-27 16:16:25,2022-12-27 16:24:42,ACC0342,77,+100 87-386-551,P0012,LOC004,Cross-Industry,0.1948
1807,2022-12-28 05:50:27,2022-12-28 05:54:14,ACC0201,76,+44 34-245-410,P0017,LOC003,Government,0.0848
1808,2022-12-28 08:21:37,2022-12-28 08:42:05,ACC0154,29,+100 75-198-363,P0007,LOC008,Services,0.9953
1809,2022-12-28 18:45:07,2022-12-28 18:52:55,ACC0286,21,+100 31-330-495,P0018,LOC002,Cross-Industry,0.5662
1810,2022-12-28 19:40:59,2022-12-28 19:52:36,ACC0560,85,+56 41-604-769,P0008,LOC009,Services,0.2702
1811,2022-12-28 21:16:50,2022-12-28 21:36:56,ACC0266,71,+100 11-310-475,P0016,LOC008,Services,0.2421
1812,2022-12-29 04:12:10,2022-12-29 04:34:54,ACC0123,68,+100 44-167-332,P0014,LOC006,Healthcare,0.0368
1813,2022-12-29 05:12:01,2022-12-29 05:18:54,ACC0178,53,+100 11-222-387,P0010,LOC002,Retail,0.9331
1814,2022-12-29 17:29:45,2022-12-29 17:35:41,ACC0116,61,+36 37-160-325,P0004,LOC008,Healthcare,0.2819
1815,2022-12-30 01:58:34,2022-12-30 02:01:32,ACC0471,66,+43 40-515-680,P0014,LOC005,Other,0.6692
1816,2022-12-30 02:48:44,2022-12-30 03:06:28,ACC0173,48,+26 94-217-382,P0005,LOC001,Government,0.1098
1817,2022-12-30 18:48:02,2022-12-30 18:49:15,ACC0179,54,+44 12-223-388,P0006,LOC009,Healthcare,0.8774
1818,2022-12-31 06:13:27,2022-12-31 06:37:06,ACC0348,83,+34 93-392-557,P0008,LOC003,Government,0.2089
1819,2022-12-31 10:21:52,2022-12-31 10:27:33,ACC094,39,+36 15-138-303,P0012,LOC006,Retail,0.7340
2761,2022-01-01 09:20:45,2022-01-01 09:27:14,ACC0421,16,+44 78-465-630,P0004,LOC009,Other,0.6232
2762,2022-01-01 20:44:31,2022-01-01 20:53:35,ACC0525,50,+26 94-569-734,P0012,LOC004,Services,0.2309
2763,2022-01-01 22:49:30,2022-01-01 22:55:28,ACC0483,78,+56 52-527-692,P0017,LOC002,Services,0.1856
2764,2022-01-01 23:26:30,2022-01-01 23:38:45,ACC0552,77,+100 33-596-761,P0003,LOC003,Cross-Industry,0.8888
2765,2022-01-02 00:22:15,2022-01-02 00:23:35,ACC034,49,+100 43-78-243,P0014,LOC009,Cross-Industry,0.1059
2766,2022-01-02 21:14:30,2022-01-02 21:27:46,ACC0240,45,+43 73-284-449,P0008,LOC002,Other,0.9782
2767,2022-01-02 22:13:44,2022-01-02 22:16:00,ACC090,35,+100 11-134-299,P0001,LOC002,Cross-Industry,0.7698
2768,2022-01-03 00:45:34,2022-01-03 00:57:59,ACC0285,20,+56 30-329-494,P0012,LOC004,Government,0.4238
2769,2022-01-03 06:01:28,2022-01-03 06:26:04,ACC0243,48,+100 76-287-452,P0009,LOC009,Government,0.6904
2770,2022-01-03 10:24:05,2022-01-03 10:38:38,ACC0266,71,+100 11-310-475,P0002,LOC002,Services,0.5014
2771,2022-01-03 11:52:32,2022-01-03 12:18:43,ACC0103,48,+46 24-147-312,P0009,LOC003,Government,0.7671
2772,2022-01-03 18:34:13,2022-01-03 18:42:22,ACC0395,60,+56 52-439-604,P0007,LOC007,Retail,0.2930
2773,2022-01-03 20:05:11,2022-01-03 20:14:20,ACC0225,30,+200 58-269-434,P0012,LOC006,Other,0.6315
2774,2022-01-04 06:16:53,2022-01-04 06:31:36,ACC0548,73,+43 29-592-757,P0003,LOC003,Other,0.8959
2775,2022-01-04 21:03:13,2022-01-04 21:07:26,ACC0450,45,+56 19-494-659,P0014,LOC008,Other,0.7691
2776,2022-01-05 05:31:31,2022-01-05 05:36:13,ACC02,17,+100 11-46-211,P0002,LOC003,Other,0.8486
2777,2022-01-05 05:34:20,2022-01-05 05:43:24,ACC0471,66,+43 40-515-680,P0007,LOC009,Other,0.2509
2778,2022-01-05 16:24:38,2022-01-05 16:26:44,ACC0346,81,+200 91-390-555,P0011,LOC003,Retail,0.9867
2779,2022-01-05 21:01:24,2022-01-05 21:11:49,ACC0353,18,+100 10-397-562,P0017,LOC003,Retail,0.3603
2780,2022-01-06 02:59:01,2022-01-06 03:12:13,ACC0366,31,+44 23-410-575,P0016,LOC001,Other,0.6813
2781,2022-01-06 03:38:23,2022-01-06 04:03:23,ACC0479,74,+36 48-523-688,P0008,LOC008,Retail,0.2062
2782,2022-01-07 11:04:23,2022-01-07 11:18:03,ACC0259,64,+36 92-303-468,P0018,LOC003,Services,0.1403
2783,2022-01-08 00:47:14,2022-01-08 01:11:06,ACC0494,19,+56 63-538-703,P0008,LOC002,Healthcare,0.2386
2784,2022-01-08 04:00:53,2022-01-08 04:07:43,ACC084,29,+34 93-128-293,P0005,LOC005,Services,0.6534
2785,2022-01-08 07:01:32,2022-01-08 07:26:14,ACC05,20,+200 14-49-214,P0004,LOC007,Government,0.0769
2786,2022-01-08 08:54:27,2022-01-08 09:16:37,ACC0456,51,+200 25-500-665,P0019,LOC001,Other,0.0372
2787,2022-01-08 16:13:14,2022-01-08 16:37:11,ACC060,75,+200 69-104-269,P0019,LOC004,Healthcare,0.0904
2788,2022-01-08 17:56:30,2022-01-08 18:02:07,ACC062,77,+34 71-106-271,P0008,LOC009,Cross-Industry,0.2177
2789,2022-01-09 10:47:45,2022-01-09 11:09:43,ACC0183,58,+34 16-227-392,P0014,LOC008,Other,0.4800
2790,2022-01-09 13:09:00,2022-01-09 13:22:00,ACC0377,42,+44 34-421-586,P0005,LOC006,Cross-Industry,0.6423
2791,2022-01-10 03:18:10,2022-01-10 03:25:14,ACC0250,55,+26 83-294-459,P0014,LOC006,Government,0.6978
2792,2022-01-10 07:35:24,2022-01-10 07:44:49,ACC0255,60,+100 88-299-464,P0017,LOC001,Retail,0.3395
2793,2022-01-10 20:43:37,2022-01-10 20:46:07,ACC0519,44,+100 88-563-728,P0010,LOC004,Other,0.5581
2794,2022-01-12 02:57:41,2022-01-12 03:13:52,ACC0224,29,+46 57-268-433,P0009,LOC003,Services,0.9539
2795,2022-01-12 09:18:26,2022-01-12 09:43:47,ACC0372,37,+43 29-416-581,P0001,LOC004,Other,0.6426
2796,2022-01-12 11:43:18,2022-01-12 12:08:38,ACC015,30,+46 24-59-224,P0018,LOC002,Other,0.9317
2797,2022-01-13 08:43:58,2022-01-13 08:55:35,ACC0442,37,+100 11-486-651,P0014,LOC008,Other,0.2465
2798,2022-01-13 15:47:12,2022-01-13 16:05:32,ACC0411,76,+46 68-455-620,P0012,LOC003,Government,0.7573
2799,2022-01-13 22:40:51,2022-01-13 23:02:33,ACC0546,71,+34 27-590-755,P0019,LOC001,Services,0.1994
2800,2022-01-14 15:22:45,2022-01-14 15:39:19,ACC0141,16,+43 62-185-350,P0001,LOC002,Other,0.0574
2801,2022-01-14 21:22:56,2022-01-14 21:36:55,ACC0296,31,+56 41-340-505,P0002,LOC004,Other,0.9905
2802,2022-01-14 21:48:01,2022-01-14 22:11:51,ACC0497,22,+100 66-541-706,P0005,LOC006,Services,0.7387
2803,2022-01-14 22:25:56,2022-01-14 22:40:21,ACC0338,73,+26 83-382-547,P0006,LOC008,Other,0.1983
2804,2022-01-15 07:38:08,2022-01-15 07:43:20,ACC0273,78,+43 18-317-482,P0013,LOC008,Services,0.3627
2805,2022-01-15 08:34:45,2022-01-15 08:34:46,ACC0167,42,+100 88-211-376,P0001,LOC002,Cross-Industry,0.1849
2806,2022-01-15 09:49:12,2022-01-15 10:10:07,ACC018,33,+34 27-62-227,P0002,LOC007,Healthcare,0.1032
2807,2022-01-15 13:36:37,2022-01-15 13:44:23,ACC0548,73,+43 29-592-757,P0003,LOC005,Other,0.8440
2808,2022-01-15 13:51:04,2022-01-15 14:01:55,ACC0458,53,+34 27-502-667,P0013,LOC006,Retail,0.0161
2809,2022-01-16 01:09:27,2022-01-16 01:14:09,ACC0520,45,+44 89-564-729,P0016,LOC008,Other,0.2013
2810,2022-01-16 08:03:34,2022-01-16 08:13:07,ACC011,26,+100 20-55-220,P0010,LOC005,Healthcare,0.5388
2811,2022-01-16 18:54:33,2022-01-16 19:00:48,ACC064,79,+43 73-108-273,P0017,LOC002,Other,0.9887
2812,2022-01-16 19:25:42,2022-01-16 19:38:16,ACC010,25,+56 19-54-219,P0009,LOC009,Retail,0.5116
2813,2022-01-17 05:23:43,2022-01-17 05:46:33,ACC0178,53,+100 11-222-387,P0008,LOC002,Retail,0.3256
2814,2022-01-17 07:42:30,2022-01-17 07:59:31,ACC021,36,+56 30-65-230,P0006,LOC006,Services,0.4777
2815,2022-01-17 07:59:44,2022-01-17 08:19:33,ACC0427,22,+43 84-471-636,P0002,LOC006,Services,0.8639
2816,2022-01-17 21:45:44,2022-01-17 22:08:01,ACC0409,74,+100 66-453-618,P0016,LOC009,Retail,0.3830
2817,2022-01-18 00:08:37,2022-01-18 00:16:05,ACC0329,64,+56 74-373-538,P0004,LOC004,Services,0.5974
2818,2022-01-19 07:35:31,2022-01-19 07:56:36,ACC0290,25,+46 35-334-499,P0014,LOC008,Retail,0.2805
2819,2022-01-19 08:27:12,2022-01-19 08:51:43,ACC081,26,+46 90-125-290,P0008,LOC003,Healthcare,0.3764
2820,2022-01-19 14:35:41,2022-01-19 14:41:48,ACC045,60,+100 54-89-254,P0018,LOC002,Retail,0.4671
2821,2022-01-20 04:54:18,2022-01-20 04:59:38,ACC0431,26,+100 88-475-640,P0001,LOC002,Healthcare,0.8295
2822,2022-01-20 19:22:07,2022-01-20 19:32:41,ACC0585,40,+100 66-629-794,P0015,LOC009,Healthcare,0.7122
2823,2022-01-20 19:59:43,2022-01-20 20:09:46,ACC0366,31,+44 23-410-575,P0005,LOC005,Other,0.3371
2824,2022-01-21 13:41:44,2022-01-21 13:47:52,ACC0189,64,+100 22-233-398,P0008,LOC003,Services,0.4171
2825,2022-01-22 16:43:03,2022-01-22 16:55:31,ACC0244,49,+100 77-288-453,P0008,LOC003,Cross-Industry,0.7362
2826,2022-01-22 17:06:09,2022-01-22 17:27:19,ACC067,82,+100 76-111-276,P0016,LOC009,Healthcare,0.4424
2827,2022-01-22 17:19:41,2022-01-22 17:28:58,ACC0111,56,+100 32-155-320,P0017,LOC003,Cross-Industry,0.7377
2828,2022-01-23 07:06:33,2022-01-23 07:09:56,ACC0302,37,+200 47-346-511,P0007,LOC001,Other,0.3192
2829,2022-01-23 11:45:04,2022-01-23 12:07:31,ACC0118,63,+26 39-162-327,P0004,LOC008,Cross-Industry,0.3786
2830,2022-01-23 14:39:02,2022-01-23 14:48:41,ACC0417,82,+56 74-461-626,P0008,LOC003,Healthcare,0.2525
2831,2022-01-23 16:09:38,2022-01-23 16:30:24,ACC046,61,+100 55-90-255,P0012,LOC004,Healthcare,0.9313
2832,2022-01-24 04:41:54,2022-01-24 04:53:01,ACC0248,53,+36 81-292-457,P0005,LOC007,Retail,0.7341
2833,2022-01-25 10:40:40,2022-01-25 11:05:57,ACC0492,17,+26 61-536-701,P0003,LOC003,Other,0.4640
2834,2022-01-25 11:52:59,2022-01-25 12:14:11,ACC0471,66,+43 40-515-680,P0004,LOC007,Other,0.1090
2835,2022-01-25 18:44:01,2022-01-25 18:53:13,ACC056,71,+100 65-100-265,P0014,LOC009,Services,0.3613
2836,2022-01-26 09:42:02,2022-01-26 10:05:46,ACC057,72,+100 66-101-266,P0012,LOC007,Other,0.5843
2837,2022-01-26 13:22:47,2022-01-26 13:24:32,ACC0587,42,+46 68-631-796,P0002,LOC006,Cross-Industry,0.0366
2838,2022-01-28 10:02:13,2022-01-28 10:15:35,ACC0353,18,+100 10-397-562,P0011,LOC006,Retail,0.8693
2839,2022-01-28 11:17:19,2022-01-28 11:27:46,ACC0355,20,+44 12-399-564,P0001,LOC004,Government,0.5386
2840,2022-01-28 17:55:57,2022-01-28 18:06:26,ACC0410,75,+44 67-454-619,P0012,LOC005,Healthcare,0.1733
2841,2022-01-29 17:23:45,2022-01-29 17:35:23,ACC0556,81,+36 37-600-765,P0016,LOC001,Retail,0.9896
2842,2022-01-29 17:31:49,2022-01-29 17:54:09,ACC0343,78,+100 88-387-552,P0002,LOC004,Services,0.5297
2843,2022-01-29 22:27:14,2022-01-29 22:41:04,ACC0462,57,+100 31-506-671,P0013,LOC008,Services,0.9761
2844,2022-01-30 16:24:50,2022-01-30 16:27:52,ACC0221,26,+100 54-265-430,P0009,LOC009,Healthcare,0.6051
2845,2022-01-31 01:24:02,2022-01-31 01:43:54,ACC0585,40,+100 66-629-794,P0014,LOC008,Healthcare,0.1915
2846,2022-01-31 09:08:40,2022-01-31 09:18:34,ACC0455,50,+46 24-499-664,P0006,LOC007,Services,0.0823
2847,2022-02-01 11:40:29,2022-02-01 11:49:35,ACC0349,84,+26 94-393-558,P0003,LOC005,Cross-Industry,0.1453
2848,2022-02-02 05:02:50,2022-02-02 05:07:06,ACC0290,25,+46 35-334-499,P0008,LOC002,Retail,0.7658
2849,2022-02-02 16:14:21,2022-02-02 16:33:45,ACC0580,35,+26 61-624-789,P0012,LOC003,Cross-Industry,0.1225
2850,2022-02-02 18:31:08,2022-02-02 18:34:22,ACC029,44,+34 38-73-238,P0014,LOC005,Other,0.0127
2851,2022-02-02 19:42:28,2022-02-02 19:50:07,ACC0464,59,+100 33-508-673,P0015,LOC009,Other,0.3251
2852,2022-02-02 23:37:38,2022-02-02 23:44:28,ACC061,76,+36 70-105-270,P0008,LOC008,Government,0.2812
2853,2022-02-03 08:39:14,2022-02-03 08:40:20,ACC0451,46,+100 20-495-660,P0014,LOC007,Retail,0.4234
2854,2022-02-03 15:11:57,2022-02-03 15:13:28,ACC0380,45,+36 37-424-589,P0018,LOC003,Other,0.9198
2855,2022-02-04 13:39:19,2022-02-04 13:57:26,ACC05,20,+200 14-49-214,P0002,LOC002,Government,0.9093
2856,2022-02-04 23:34:27,2022-02-04 23:51:46,ACC0287,22,+100 32-331-496,P0008,LOC009,Services,0.5387
2857,2022-02-05 07:04:26,2022-02-05 07:22:55,ACC0536,61,+26 17-580-745,P0016,LOC001,Healthcare,0.4773
2858,2022-02-05 14:37:33,2022-02-05 14:51:49,ACC047,62,+44 56-91-256,P0004,LOC004,Government,0.0590
2859,2022-02-05 15:21:22,2022-02-05 15:44:29,ACC0287,22,+100 32-331-496,P0006,LOC001,Services,0.8789
2860,2022-02-06 17:40:51,2022-02-06 17:50:57,ACC0320,55,+100 65-364-529,P0002,LOC006,Government,0.4855
2861,2022-02-07 01:30:21,2022-02-07 01:38:45,ACC0574,29,+100 55-618-783,P0005,LOC007,Services,0.5363
2862,2022-02-07 07:22:21,2022-02-07 07:29:21,ACC0102,47,+44 23-146-311,P0003,LOC004,Healthcare,0.7483
2863,2022-02-07 08:20:28,2022-02-07 08:34:38,ACC0583,38,+100 64-627-792,P0007,LOC007,Other,0.6549
2864,2022-02-07 18:21:26,2022-02-07 18:27:32,ACC0460,55,+43 29-504-669,P0011,LOC004,Government,0.4576
2865,2022-02-08 01:36:22,2022-02-08 01:44:32,ACC0510,35,+46 79-554-719,P0018,LOC001,Cross-Industry,0.2399
2866,2022-02-08 07:41:43,2022-02-08 08:06:41,ACC0329,64,+56 74-373-538,P0015,LOC008,Services,0.9259
2867,2022-02-08 13:20:35,2022-02-08 13:43:00,ACC047,62,+44 56-91-256,P0010,LOC001,Government,0.7350
2868,2022-02-08 19:48:03,2022-02-08 19:52:03,ACC0119,64,+43 40-163-328,P0010,LOC002,Services,0.8694
2869,2022-02-09 05:28:02,2022-02-09 05:30:15,ACC0366,31,+44 23-410-575,P0015,LOC008,Other,0.1455
2870,2022-02-09 16:37:41,2022-02-09 16:57:53,ACC0288,23,+100 33-332-497,P0011,LOC002,Other,0.0864
2871,2022-02-09 23:01:21,2022-02-09 23:03:50,ACC0564,19,+44 45-608-773,P0007,LOC007,Healthcare,0.1738
2872,2022-02-10 05:02:18,2022-02-10 05:02:33,ACC0317,52,+43 62-361-526,P0008,LOC001,Other,0.7297
2873,2022-02-10 06:20:23,2022-02-10 06:22:57,ACC0377,42,+44 34-421-586,P0003,LOC007,Cross-Industry,0.0486
2874,2022-02-10 10:31:51,2022-02-10 10:48:06,ACC0439,34,+56 96-483-648,P0013,LOC008,Government,0.6440
2875,2022-02-10 22:29:35,2022-02-10 22:32:22,ACC0522,47,+200 91-566-731,P0007,LOC008,Healthcare,0.0739
2876,2022-02-11 11:56:11,2022-02-11 12:06:39,ACC0274,79,+56 19-318-483,P0001,LOC004,Other,0.6850
2877,2022-02-11 14:07:08,2022-02-11 14:25:57,ACC0402,67,+36 59-446-611,P0015,LOC001,Retail,0.7014
2878,2022-02-12 12:40:44,2022-02-12 13:01:48,ACC0258,63,+200 91-302-467,P0002,LOC004,Cross-Industry,0.8777
2879,2022-02-12 16:38:29,2022-02-12 16:46:10,ACC0262,67,+43 95-306-471,P0002,LOC002,Retail,0.8727
2880,2022-02-13 00:05:44,2022-02-13 00:28:33,ACC0379,44,+200 36-423-588,P0002,LOC005,Other,0.5280
2881,2022-02-13 09:02:59,2022-02-13 09:06:41,ACC0136,81,+46 57-180-345,P0001,LOC004,Retail,0.9003
2882,2022-02-13 14:37:20,2022-02-13 14:59:35,ACC0113,58,+44 34-157-322,P0013,LOC008,Other,0.6973
2883,2022-02-13 17:50:58,2022-02-13 18:14:48,ACC0161,36,+34 82-205-370,P0015,LOC006,Services,0.1895
2884,2022-02-13 21:08:22,2022-02-13 21:13:24,ACC0521,46,+46 90-565-730,P0011,LOC006,Retail,0.3214
2885,2022-02-14 04:01:12,2022-02-14 04:09:03,ACC032,47,+56 41-76-241,P0012,LOC005,Healthcare,0.8062
2886,2022-02-14 11:33:13,2022-02-14 11:57:50,ACC0355,20,+44 12-399-564,P0007,LOC009,Government,0.0102
2887,2022-02-14 12:26:39,2022-02-14 12:30:06,ACC0315,50,+34 60-359-524,P0016,LOC009,Services,0.9595
2888,2022-02-14 18:23:27,2022-02-14 18:39:16,ACC0182,57,+36 15-226-391,P0007,LOC007,Services,0.8498
2889,2022-02-15 02:54:07,2022-02-15 03:05:10,ACC0121,66,+100 42-165-330,P0014,LOC008,Other,0.4793
2890,2022-02-15 07:23:00,2022-02-15 07:47:40,ACC0520,45,+44 89-564-729,P0016,LOC008,Other,0.0892
2891,2022-02-15 08:25:05,2022-02-15 08:29:59,ACC0562,17,+100 43-606-771,P0015,LOC008,Other,0.3801
2892,2022-02-15 22:44:23,2022-02-15 22:57:28,ACC0323,58,+46 68-367-532,P0016,LOC007,Other,0.3154
2893,2022-02-16 02:15:34,2022-02-16 02:37:28,ACC0375,40,+100 32-419-584,P0001,LOC004,Healthcare,0.6018
2894,2022-02-16 05:14:04,2022-02-16 05:19:57,ACC0472,67,+56 41-516-681,P0014,LOC008,Retail,0.5043
2895,2022-02-16 22:04:03,2022-02-16 22:05:16,ACC0430,25,+100 87-474-639,P0001,LOC005,Retail,0.9343
2896,2022-02-17 05:50:27,2022-02-17 06:04:51,ACC0456,51,+200 25-500-665,P0002,LOC003,Other,0.1073
2897,2022-02-17 06:16:16,2022-02-17 06:18:25,ACC0122,67,+100 43-166-331,P0005,LOC009,Retail,0.5145
2898,2022-02-17 16:13:38,2022-02-17 16:23:40,ACC084,29,+34 93-128-293,P0001,LOC002,Services,0.9169
2899,2022-02-18 09:48:26,2022-02-18 09:53:18,ACC0338,73,+26 83-382-547,P0012,LOC003,Other,0.9033
2900,2022-02-18 10:04:34,2022-02-18 10:13:19,ACC0254,59,+100 87-298-463,P0006,LOC001,Other,0.7844
2901,2022-02-18 10:50:22,2022-02-18 11:11:28,ACC018,33,+34 27-62-227,P0019,LOC002,Healthcare,0.4990
2902,2022-02-18 12:42:21,2022-02-18 13:07:56,ACC0117,62,+34 38-161-326,P0015,LOC001,Government,0.1034
2903,2022-02-18 12:47:38,2022-02-18 12:48:16,ACC039,54,+36 48-83-248,P0002,LOC004,Healthcare,0.9064
2904,2022-02-19 02:22:50,2022-02-19 02:47:10,ACC0290,25,+46 35-334-499,P0010,LOC002,Retail,0.7498
2905,2022-02-20 02:29:48,2022-02-20 02:30:00,ACC0557,82,+34 38-601-766,P0005,LOC009,Healthcare,0.9266
2906,2022-02-20 02:47:30,2022-02-20 03:05:33,ACC035,50,+100 44-79-244,P0001,LOC004,Services,0.8830
2907,2022-02-20 14:19:16,2022-02-20 14:30:00,ACC0570,25,+43 51-614-779,P0001,LOC005,Retail,0.7633
2908,2022-02-20 17:37:50,2022-02-20 17:59:27,ACC0183,58,+34 16-227-392,P0014,LOC007,Other,0.3130
2909,2022-02-21 08:42:05,2022-02-21 08:53:24,ACC0146,21,+44 67-190-355,P0010,LOC005,Cross-Industry,0.6482
2910,2022-02-22 01:08:14,2022-02-22 01:29:23,ACC0417,82,+56 74-461-626,P0010,LOC002,Healthcare,0.3188
2911,2022-02-22 01:21:18,2022-02-22 01:32:46,ACC091,36,+44 12-135-300,P0002,LOC005,Services,0.3934
2912,2022-02-22 06:48:33,2022-02-22 07:05:36,ACC0333,68,+44 78-377-542,P0007,LOC009,Healthcare,0.4762
2913,2022-02-23 05:18:15,2022-02-23 05:31:16,ACC0423,18,+200 80-467-632,P0001,LOC002,Retail,0.8760
2914,2022-02-23 09:23:01,2022-02-23 09:23:56,ACC0313,48,+200 58-357-522,P0017,LOC001,Government,0.0051
2915,2022-02-23 13:39:16,2022-02-23 13:44:49,ACC0100,45,+100 21-144-309,P0008,LOC002,Other,0.2916
2916,2022-02-23 14:30:37,2022-02-23 14:42:12,ACC0427,22,+43 84-471-636,P0004,LOC009,Services,0.2865
2917,2022-02-24 02:24:57,2022-02-24 02:25:38,ACC0450,45,+56 19-494-659,P0002,LOC006,Other,0.0304
2918,2022-02-24 06:43:05,2022-02-24 07:04:03,ACC0237,42,+36 70-281-446,P0003,LOC006,Cross-Industry,0.2486
2919,2022-02-24 07:21:32,2022-02-24 07:39:43,ACC0369,34,+36 26-413-578,P0001,LOC004,Government,0.3824
2920,2022-02-24 10:57:17,2022-02-24 11:09:20,ACC0572,27,+100 53-616-781,P0002,LOC004,Government,0.1521
2921,2022-02-24 22:17:26,2022-02-24 22:38:02,ACC0244,49,+100 77-288-453,P0012,LOC006,Cross-Industry,0.5174
2922,2022-02-24 22:19:58,2022-02-24 22:45:34,ACC0568,23,+34 49-612-777,P0011,LOC005,Other,0.9756
2923,2022-02-25 07:14:40,2022-02-25 07:26:13,ACC0446,41,+36 15-490-655,P0005,LOC005,Government,0.2944
2924,2022-02-25 10:50:50,2022-02-25 11:14:09,ACC0172,47,+34 93-216-381,P0018,LOC004,Healthcare,0.9615
2925,2022-02-26 05:00:01,2022-02-26 05:02:51,ACC0436,31,+34 93-480-645,P0002,LOC002,Other,0.5300
2926,2022-02-26 11:41:52,2022-02-26 11:50:59,ACC0371,36,+26 28-415-580,P0005,LOC001,Services,0.9336
2927,2022-02-26 20:15:20,2022-02-26 20:30:08,ACC0385,50,+100 42-429-594,P0011,LOC005,Services,0.4562
2928,2022-02-26 22:10:33,2022-02-26 22:11:04,ACC0223,28,+44 56-267-432,P0008,LOC002,Cross-Industry,0.4900
2929,2022-02-27 04:25:38,2022-02-27 04:46:54,ACC0483,78,+56 52-527-692,P0015,LOC006,Services,0.8667
2930,2022-02-27 19:25:45,2022-02-27 19:29:28,ACC0552,77,+100 33-596-761,P0016,LOC009,Cross-Industry,0.2476
2931,2022-02-28 15:40:58,2022-02-28 16:06:26,ACC091,36,+44 12-135-300,P0004,LOC008,Services,0.1466
2932,2022-02-28 16:05:44,2022-02-28 16:21:35,ACC0208,83,+56 41-252-417,P0016,LOC009,Government,0.0090
2933,2022-03-01 06:40:58,2022-03-01 06:47:21,ACC0541,66,+100 22-585-750,P0005,LOC006,Other,0.1831
2934,2022-03-02 04:42:59,2022-03-02 04:48:27,ACC0205,80,+34 38-249-414,P0006,LOC009,Other,0.8989
2935,2022-03-02 09:25:53,2022-03-02 09:38:23,ACC042,57,+43 51-86-251,P0010,LOC005,Services,0.5405
2936,2022-03-02 15:17:07,2022-03-02 15:23:39,ACC069,84,+44 78-113-278,P0008,LOC003,Cross-Industry,0.4783
2937,2022-03-02 19:24:50,2022-03-02 19:35:05,ACC0434,29,+200 91-478-643,P0018,LOC004,Services,0.9724
2938,2022-03-03 01:56:36,2022-03-03 01:57:28,ACC0446,41,+36 15-490-655,P0004,LOC006,Government,0.6261
2939,2022-03-03 12:45:19,2022-03-03 12:52:57,ACC040,55,+34 49-84-249,P0010,LOC001,Government,0.6196
2940,2022-03-03 17:36:29,2022-03-03 17:58:19,ACC0448,43,+26 17-492-657,P0011,LOC003,Services,0.9388
2941,2022-03-03 21:28:01,2022-03-03 21:51:11,ACC070,85,+46 79-114-279,P0004,LOC007,Services,0.6173
2942,2022-03-04 06:04:39,2022-03-04 06:05:10,ACC0506,31,+100 75-550-715,P0002,LOC002,Other,0.2653
2943,2022-03-04 17:08:13,2022-03-04 17:20:04,ACC0139,84,+34 60-183-348,P0013,LOC005,Cross-Industry,0.8399
2944,2022-03-05 22:50:02,2022-03-05 22:50:06,ACC0318,53,+56 63-362-527,P0018,LOC009,Retail,0.0961
2945,2022-03-06 13:01:23,2022-03-06 13:21:52,ACC0212,17,+44 45-256-421,P0018,LOC004,Other,0.2620
2946,2022-03-06 16:06:28,2022-03-06 16:27:26,ACC0285,20,+56 30-329-494,P0009,LOC002,Government,0.8383
2947,2022-03-06 16:34:09,2022-03-06 16:50:09,ACC0302,37,+200 47-346-511,P0001,LOC002,Other,0.6823
2948,2022-03-06 16:56:44,2022-03-06 17:20:19,ACC0418,83,+100 75-462-627,P0018,LOC001,Government,0.1234
2949,2022-03-06 18:42:16,2022-03-06 19:06:24,ACC0487,82,+44 56-531-696,P0004,LOC005,Healthcare,0.0766
2950,2022-03-06 20:13:29,2022-03-06 20:35:25,ACC0414,79,+34 71-458-623,P0009,LOC009,Other,0.5118
2951,2022-03-07 00:05:02,2022-03-07 00:15:13,ACC0170,45,+200 91-214-379,P0004,LOC009,Other,0.6168
2952,2022-03-07 01:48:58,2022-03-07 01:49:13,ACC0125,70,+46 46-169-334,P0008,LOC001,Cross-Industry,0.3692
2953,2022-03-07 14:47:15,2022-03-07 15:08:08,ACC0294,29,+26 39-338-503,P0004,LOC004,Services,0.1463
2954,2022-03-07 18:55:51,2022-03-07 19:10:31,ACC0244,49,+100 77-288-453,P0008,LOC008,Cross-Industry,0.8361
2955,2022-03-08 11:25:43,2022-03-08 11:47:40,ACC0254,59,+100 87-298-463,P0009,LOC002,Other,0.9963
2956,2022-03-08 12:43:30,2022-03-08 12:43:47,ACC0345,80,+46 90-389-554,P0014,LOC006,Other,0.6931
2957,2022-03-09 04:26:15,2022-03-09 04:33:11,ACC0431,26,+100 88-475-640,P0008,LOC001,Healthcare,0.1950
2958,2022-03-09 09:03:39,2022-03-09 09:04:24,ACC0204,79,+36 37-248-413,P0017,LOC009,Other,0.4495
2959,2022-03-09 10:09:21,2022-03-09 10:18:34,ACC0157,32,+44 78-201-366,P0002,LOC002,Retail,0.3512
2960,2022-03-09 11:05:09,2022-03-09 11:23:56,ACC0573,28,+100 54-617-782,P0016,LOC007,Cross-Industry,0.4756
2961,2022-03-10 14:45:18,2022-03-10 15:03:18,ACC0335,70,+200 80-379-544,P0008,LOC002,Cross-Industry,0.4466
2962,2022-03-11 02:10:14,2022-03-11 02:24:39,ACC0172,47,+34 93-216-381,P0017,LOC003,Healthcare,0.4809
2963,2022-03-11 03:12:50,2022-03-11 03:29:13,ACC0397,62,+100 54-441-606,P0006,LOC008,Government,0.9770
2964,2022-03-11 03:28:20,2022-03-11 03:37:26,ACC0503,28,+26 72-547-712,P0005,LOC008,Cross-Industry,0.2149
2965,2022-03-11 20:17:33,2022-03-11 20:18:09,ACC0377,42,+44 34-421-586,P0011,LOC003,Cross-Industry,0.3494
2966,2022-03-12 02:56:30,2022-03-12 03:18:06,ACC0583,38,+100 64-627-792,P0003,LOC004,Other,0.8908
2967,2022-03-12 09:12:05,2022-03-12 09:30:46,ACC0489,84,+200 58-533-698,P0006,LOC008,Cross-Industry,0.5548
2968,2022-03-12 13:13:41,2022-03-12 13:16:46,ACC0416,81,+43 73-460-625,P0002,LOC005,Retail,0.8168
2969,2022-03-12 14:10:44,2022-03-12 14:12:15,ACC0190,65,+44 23-234-399,P0014,LOC009,Other,0.5293
2970,2022-03-13 05:41:35,2022-03-13 05:42:10,ACC0556,81,+36 37-600-765,P0007,LOC007,Retail,0.4802
2971,2022-03-13 14:01:07,2022-03-13 14:08:28,ACC0437,32,+26 94-481-646,P0014,LOC007,Retail,0.4157
2972,2022-03-14 07:23:57,2022-03-14 07:48:45,ACC0281,16,+36 26-325-490,P0006,LOC009,Other,0.2963
2973,2022-03-14 13:07:09,2022-03-14 13:21:27,ACC0408,73,+100 65-452-617,P0003,LOC007,Other,0.8875
2974,2022-03-14 17:02:18,2022-03-14 17:17:56,ACC0488,83,+46 57-532-697,P0016,LOC001,Government,0.8950
2975,2022-03-15 01:51:03,2022-03-15 02:03:46,ACC0192,67,+200 25-236-401,P0019,LOC001,Retail,0.2416
2976,2022-03-16 12:15:03,2022-03-16 12:36:50,ACC0439,34,+56 96-483-648,P0017,LOC008,Government,0.0056
2977,2022-03-17 02:05:16,2022-03-17 02:12:59,ACC0391,56,+36 48-435-600,P0006,LOC001,Cross-Industry,0.8571
2978,2022-03-17 10:45:01,2022-03-17 10:57:40,ACC093,38,+200 14-137-302,P0013,LOC008,Other,0.9635
2979,2022-03-17 18:38:41,2022-03-17 18:56:10,ACC089,34,+100 10-133-298,P0019,LOC001,Government,0.1751
2980,2022-03-18 01:07:26,2022-03-18 01:32:55,ACC0127,72,+36 48-171-336,P0009,LOC001,Other,0.2441
2981,2022-03-18 02:41:37,2022-03-18 02:54:15,ACC0270,75,+36 15-314-479,P0011,LOC002,Healthcare,0.7976
2982,2022-03-18 19:39:09,2022-03-18 19:43:36,ACC0172,47,+34 93-216-381,P0007,LOC009,Healthcare,0.7911
2983,2022-03-19 00:40:10,2022-03-19 01:04:39,ACC0582,37,+56 63-626-791,P0010,LOC004,Other,0.9474
2984,2022-03-19 17:47:53,2022-03-19 18:13:29,ACC0569,24,+26 50-613-778,P0012,LOC006,Other,0.4629
2985,2022-03-20 19:24:04,2022-03-20 19:43:50,ACC0462,57,+100 31-506-671,P0014,LOC005,Services,0.1154
2986,2022-03-21 02:06:24,2022-03-21 02:24:40,ACC0297,32,+100 42-341-506,P0005,LOC007,Retail,0.3323
2987,2022-03-21 03:00:59,2022-03-21 03:07:01,ACC0178,53,+100 11-222-387,P0001,LOC003,Retail,0.3704
2988,2022-03-21 05:34:07,2022-03-21 05:43:12,ACC0148,23,+200 69-192-357,P0019,LOC020,Other,0.5424
2989,2022-03-21 11:17:14,2022-03-21 11:18:35,ACC0284,19,+43 29-328-493,P0016,LOC001,Healthcare,0.0085
2990,2022-03-22 02:33:36,2022-03-22 02:59:04,ACC0292,27,+36 37-336-501,P0008,LOC002,Government,0.2975
2991,2022-03-22 02:53:24,2022-03-22 02:58:26,ACC0448,43,+26 17-492-657,P0012,LOC005,Services,0.4120
2992,2022-03-22 04:50:25,2022-03-22 04:53:23,ACC0275,80,+100 20-319-484,P0004,LOC008,Other,0.8895
2993,2022-03-22 23:32:47,2022-03-22 23:49:06,ACC084,29,+34 93-128-293,P0017,LOC009,Services,0.0546
2994,2022-03-23 17:28:06,2022-03-23 17:42:32,ACC0206,81,+26 39-250-415,P0018,LOC009,Retail,0.8048
2995,2022-03-24 00:18:01,2022-03-24 00:42:41,ACC0554,79,+46 35-598-763,P0006,LOC006,Other,0.5103
2996,2022-03-24 17:19:01,2022-03-24 17:43:22,ACC0146,21,+44 67-190-355,P0005,LOC006,Cross-Industry,0.3992
2997,2022-03-25 03:16:15,2022-03-25 03:18:10,ACC047,62,+44 56-91-256,P0016,LOC001,Government,0.7936
2998,2022-03-25 15:54:45,2022-03-25 16:03:10,ACC0282,17,+34 27-326-491,P0018,LOC004,Other,0.2188
2999,2022-03-25 18:38:06,2022-03-25 19:02:47,ACC0267,72,+44 12-311-476,P0016,LOC008,Other,0.8310
3000,2022-03-25 23:27:33,2022-03-25 23:34:24,ACC0274,79,+56 19-318-483,P0017,LOC009,Other,0.0778
3001,2022-03-26 07:47:20,2022-03-26 08:03:21,ACC0206,81,+26 39-250-415,P0002,LOC004,Retail,0.0317
3002,2022-03-26 09:32:18,2022-03-26 09:55:03,ACC0509,34,+44 78-553-718,P0015,LOC009,Government,0.0953
3003,2022-03-27 07:38:06,2022-03-27 07:56:51,ACC0266,71,+100 11-310-475,P0011,LOC020,Services,0.6060
3004,2022-03-27 10:35:41,2022-03-27 10:44:21,ACC0319,54,+100 64-363-528,P0016,LOC001,Healthcare,0.3152
